# material: cobalt 
# electron-phonon coupling parameter G_ep, sum of majority and minority contributions (DFT calculation spin resolved) 
# temperature [K], g_ep [W/(m^3K)] 
0000.00 1.011924e+18
0003.34 1.023519e+18
0006.68 1.035419e+18
0010.02 1.047601e+18
0013.36 1.060070e+18
0016.69 1.072832e+18
0020.03 1.085883e+18
0023.37 1.099205e+18
0026.71 1.112768e+18
0030.05 1.126524e+18
0033.39 1.140414e+18
0036.73 1.154376e+18
0040.07 1.168340e+18
0043.41 1.182243e+18
0046.74 1.196023e+18
0050.08 1.209625e+18
0053.42 1.223003e+18
0056.76 1.236118e+18
0060.10 1.248936e+18
0063.44 1.261435e+18
0066.78 1.273595e+18
0070.12 1.285404e+18
0073.46 1.296855e+18
0076.79 1.307945e+18
0080.13 1.318674e+18
0083.47 1.329046e+18
0086.81 1.339066e+18
0090.15 1.348741e+18
0093.49 1.358080e+18
0096.83 1.367092e+18
0100.17 1.375788e+18
0103.51 1.384180e+18
0106.84 1.392277e+18
0110.18 1.400092e+18
0113.52 1.407636e+18
0116.86 1.414919e+18
0120.20 1.421952e+18
0123.54 1.428747e+18
0126.88 1.435314e+18
0130.22 1.441662e+18
0133.56 1.447802e+18
0136.89 1.453742e+18
0140.23 1.459491e+18
0143.57 1.465059e+18
0146.91 1.470453e+18
0150.25 1.475681e+18
0153.59 1.480751e+18
0156.93 1.485669e+18
0160.27 1.490442e+18
0163.61 1.495078e+18
0166.94 1.499581e+18
0170.28 1.503958e+18
0173.62 1.508214e+18
0176.96 1.512355e+18
0180.30 1.516385e+18
0183.64 1.520310e+18
0186.98 1.524133e+18
0190.32 1.527860e+18
0193.66 1.531493e+18
0196.99 1.535037e+18
0200.33 1.538496e+18
0203.67 1.541873e+18
0207.01 1.545171e+18
0210.35 1.548394e+18
0213.69 1.551544e+18
0217.03 1.554624e+18
0220.37 1.557638e+18
0223.71 1.560586e+18
0227.05 1.563473e+18
0230.38 1.566300e+18
0233.72 1.569069e+18
0237.06 1.571783e+18
0240.40 1.574443e+18
0243.74 1.577052e+18
0247.08 1.579611e+18
0250.42 1.582121e+18
0253.76 1.584585e+18
0257.10 1.587004e+18
0260.43 1.589380e+18
0263.77 1.591714e+18
0267.11 1.594006e+18
0270.45 1.596260e+18
0273.79 1.598475e+18
0277.13 1.600653e+18
0280.47 1.602795e+18
0283.81 1.604902e+18
0287.15 1.606975e+18
0290.48 1.609015e+18
0293.82 1.611024e+18
0297.16 1.613001e+18
0300.50 1.614948e+18
0303.84 1.616865e+18
0307.18 1.618754e+18
0310.52 1.620615e+18
0313.86 1.622449e+18
0317.20 1.624257e+18
0320.53 1.626038e+18
0323.87 1.627795e+18
0327.21 1.629527e+18
0330.55 1.631235e+18
0333.89 1.632920e+18
0337.23 1.634581e+18
0340.57 1.636221e+18
0343.91 1.637839e+18
0347.25 1.639435e+18
0350.58 1.641011e+18
0353.92 1.642566e+18
0357.26 1.644101e+18
0360.60 1.645617e+18
0363.94 1.647114e+18
0367.28 1.648592e+18
0370.62 1.650052e+18
0373.96 1.651494e+18
0377.30 1.652919e+18
0380.63 1.654327e+18
0383.97 1.655717e+18
0387.31 1.657091e+18
0390.65 1.658450e+18
0393.99 1.659792e+18
0397.33 1.661119e+18
0400.67 1.662430e+18
0404.01 1.663727e+18
0407.35 1.665010e+18
0410.68 1.666277e+18
0414.02 1.667531e+18
0417.36 1.668772e+18
0420.70 1.669998e+18
0424.04 1.671212e+18
0427.38 1.672413e+18
0430.72 1.673600e+18
0434.06 1.674776e+18
0437.40 1.675939e+18
0440.73 1.677090e+18
0444.07 1.678230e+18
0447.41 1.679358e+18
0450.75 1.680475e+18
0454.09 1.681580e+18
0457.43 1.682675e+18
0460.77 1.683760e+18
0464.11 1.684833e+18
0467.45 1.685897e+18
0470.78 1.686951e+18
0474.12 1.687994e+18
0477.46 1.689029e+18
0480.80 1.690053e+18
0484.14 1.691069e+18
0487.48 1.692076e+18
0490.82 1.693073e+18
0494.16 1.694062e+18
0497.50 1.695043e+18
0500.83 1.696015e+18
0504.17 1.696980e+18
0507.51 1.697936e+18
0510.85 1.698884e+18
0514.19 1.699825e+18
0517.53 1.700759e+18
0520.87 1.701685e+18
0524.21 1.702604e+18
0527.55 1.703516e+18
0530.88 1.704421e+18
0534.22 1.705317e+18
0537.56 1.706207e+18
0540.90 1.707090e+18
0544.24 1.707967e+18
0547.58 1.708838e+18
0550.92 1.709704e+18
0554.26 1.710563e+18
0557.60 1.711417e+18
0560.93 1.712266e+18
0564.27 1.713110e+18
0567.61 1.713948e+18
0570.95 1.714781e+18
0574.29 1.715610e+18
0577.63 1.716433e+18
0580.97 1.717253e+18
0584.31 1.718067e+18
0587.65 1.718878e+18
0590.98 1.719684e+18
0594.32 1.720487e+18
0597.66 1.721285e+18
0601.00 1.722080e+18
0604.34 1.722871e+18
0607.68 1.723658e+18
0611.02 1.724443e+18
0614.36 1.725224e+18
0617.70 1.726001e+18
0621.04 1.726776e+18
0624.37 1.727548e+18
0627.71 1.728317e+18
0631.05 1.729083e+18
0634.39 1.729847e+18
0637.73 1.730609e+18
0641.07 1.731368e+18
0644.41 1.732125e+18
0647.75 1.732880e+18
0651.09 1.733632e+18
0654.42 1.734383e+18
0657.76 1.735133e+18
0661.10 1.735880e+18
0664.44 1.736626e+18
0667.78 1.737371e+18
0671.12 1.738114e+18
0674.46 1.738856e+18
0677.80 1.739597e+18
0681.14 1.740337e+18
0684.47 1.741076e+18
0687.81 1.741814e+18
0691.15 1.742552e+18
0694.49 1.743288e+18
0697.83 1.744025e+18
0701.17 1.744760e+18
0704.51 1.745496e+18
0707.85 1.746231e+18
0711.19 1.746966e+18
0714.52 1.747701e+18
0717.86 1.748436e+18
0721.20 1.749171e+18
0724.54 1.749906e+18
0727.88 1.750642e+18
0731.22 1.751378e+18
0734.56 1.752114e+18
0737.90 1.752851e+18
0741.24 1.753588e+18
0744.57 1.754326e+18
0747.91 1.755065e+18
0751.25 1.755805e+18
0754.59 1.756546e+18
0757.93 1.757288e+18
0761.27 1.758031e+18
0764.61 1.758775e+18
0767.95 1.759520e+18
0771.29 1.760267e+18
0774.62 1.761015e+18
0777.96 1.761765e+18
0781.30 1.762516e+18
0784.64 1.763269e+18
0787.98 1.764023e+18
0791.32 1.764779e+18
0794.66 1.765537e+18
0798.00 1.766297e+18
0801.34 1.767059e+18
0804.67 1.767823e+18
0808.01 1.768589e+18
0811.35 1.769358e+18
0814.69 1.770128e+18
0818.03 1.770901e+18
0821.37 1.771676e+18
0824.71 1.772454e+18
0828.05 1.773234e+18
0831.39 1.774017e+18
0834.72 1.774802e+18
0838.06 1.775590e+18
0841.40 1.776381e+18
0844.74 1.777174e+18
0848.08 1.777971e+18
0851.42 1.778770e+18
0854.76 1.779572e+18
0858.10 1.780377e+18
0861.44 1.781186e+18
0864.77 1.781997e+18
0868.11 1.782812e+18
0871.45 1.783630e+18
0874.79 1.784451e+18
0878.13 1.785276e+18
0881.47 1.786104e+18
0884.81 1.786935e+18
0888.15 1.787770e+18
0891.49 1.788608e+18
0894.82 1.789450e+18
0898.16 1.790296e+18
0901.50 1.791146e+18
0904.84 1.791999e+18
0908.18 1.792856e+18
0911.52 1.793716e+18
0914.86 1.794581e+18
0918.20 1.795449e+18
0921.54 1.796322e+18
0924.87 1.797198e+18
0928.21 1.798079e+18
0931.55 1.798963e+18
0934.89 1.799852e+18
0938.23 1.800745e+18
0941.57 1.801642e+18
0944.91 1.802543e+18
0948.25 1.803449e+18
0951.59 1.804359e+18
0954.92 1.805273e+18
0958.26 1.806192e+18
0961.60 1.807115e+18
0964.94 1.808043e+18
0968.28 1.808975e+18
0971.62 1.809911e+18
0974.96 1.810853e+18
0978.30 1.811799e+18
0981.64 1.812749e+18
0984.97 1.813704e+18
0988.31 1.814664e+18
0991.65 1.815629e+18
0994.99 1.816598e+18
0998.33 1.817572e+18
1001.67 1.818551e+18
1005.01 1.819535e+18
1008.35 1.820524e+18
1011.69 1.821517e+18
1015.03 1.822516e+18
1018.36 1.823520e+18
1021.70 1.824528e+18
1025.04 1.825542e+18
1028.38 1.826560e+18
1031.72 1.827584e+18
1035.06 1.828613e+18
1038.40 1.829647e+18
1041.74 1.830686e+18
1045.08 1.831730e+18
1048.41 1.832780e+18
1051.75 1.833835e+18
1055.09 1.834895e+18
1058.43 1.835960e+18
1061.77 1.837030e+18
1065.11 1.838106e+18
1068.45 1.839187e+18
1071.79 1.840274e+18
1075.13 1.841366e+18
1078.46 1.842463e+18
1081.80 1.843566e+18
1085.14 1.844674e+18
1088.48 1.845787e+18
1091.82 1.846906e+18
1095.16 1.848031e+18
1098.50 1.849160e+18
1101.84 1.850296e+18
1105.18 1.851437e+18
1108.51 1.852583e+18
1111.85 1.853735e+18
1115.19 1.854893e+18
1118.53 1.856056e+18
1121.87 1.857225e+18
1125.21 1.858399e+18
1128.55 1.859579e+18
1131.89 1.860765e+18
1135.23 1.861956e+18
1138.56 1.863153e+18
1141.90 1.864356e+18
1145.24 1.865564e+18
1148.58 1.866778e+18
1151.92 1.867997e+18
1155.26 1.869223e+18
1158.60 1.870454e+18
1161.94 1.871691e+18
1165.28 1.872933e+18
1168.61 1.874181e+18
1171.95 1.875435e+18
1175.29 1.876695e+18
1178.63 1.877961e+18
1181.97 1.879232e+18
1185.31 1.880509e+18
1188.65 1.881792e+18
1191.99 1.883080e+18
1195.33 1.884375e+18
1198.66 1.885675e+18
1202.00 1.886981e+18
1205.34 1.888292e+18
1208.68 1.889610e+18
1212.02 1.890933e+18
1215.36 1.892262e+18
1218.70 1.893597e+18
1222.04 1.894938e+18
1225.38 1.896285e+18
1228.71 1.897637e+18
1232.05 1.898995e+18
1235.39 1.900359e+18
1238.73 1.901729e+18
1242.07 1.903105e+18
1245.41 1.904486e+18
1248.75 1.905874e+18
1252.09 1.907267e+18
1255.43 1.908666e+18
1258.76 1.910070e+18
1262.10 1.911481e+18
1265.44 1.912897e+18
1268.78 1.914319e+18
1272.12 1.915747e+18
1275.46 1.917181e+18
1278.80 1.918621e+18
1282.14 1.920066e+18
1285.48 1.921517e+18
1288.81 1.922974e+18
1292.15 1.924437e+18
1295.49 1.925905e+18
1298.83 1.927379e+18
1302.17 1.928859e+18
1305.51 1.930345e+18
1308.85 1.931837e+18
1312.19 1.933334e+18
1315.53 1.934837e+18
1318.86 1.936346e+18
1322.20 1.937860e+18
1325.54 1.939380e+18
1328.88 1.940906e+18
1332.22 1.942438e+18
1335.56 1.943975e+18
1338.90 1.945518e+18
1342.24 1.947066e+18
1345.58 1.948621e+18
1348.91 1.950181e+18
1352.25 1.951746e+18
1355.59 1.953318e+18
1358.93 1.954894e+18
1362.27 1.956477e+18
1365.61 1.958065e+18
1368.95 1.959659e+18
1372.29 1.961258e+18
1375.63 1.962863e+18
1378.96 1.964473e+18
1382.30 1.966089e+18
1385.64 1.967711e+18
1388.98 1.969338e+18
1392.32 1.970971e+18
1395.66 1.972609e+18
1399.00 1.974252e+18
1402.34 1.975901e+18
1405.68 1.977556e+18
1409.02 1.979216e+18
1412.35 1.980881e+18
1415.69 1.982552e+18
1419.03 1.984228e+18
1422.37 1.985910e+18
1425.71 1.987597e+18
1429.05 1.989290e+18
1432.39 1.990987e+18
1435.73 1.992690e+18
1439.07 1.994399e+18
1442.40 1.996113e+18
1445.74 1.997832e+18
1449.08 1.999556e+18
1452.42 2.001286e+18
1455.76 2.003021e+18
1459.10 2.004761e+18
1462.44 2.006506e+18
1465.78 2.008257e+18
1469.12 2.010012e+18
1472.45 2.011773e+18
1475.79 2.013539e+18
1479.13 2.015311e+18
1482.47 2.017087e+18
1485.81 2.018868e+18
1489.15 2.020655e+18
1492.49 2.022446e+18
1495.83 2.024243e+18
1499.17 2.026045e+18
1502.50 2.027851e+18
1505.84 2.029663e+18
1509.18 2.031479e+18
1512.52 2.033301e+18
1515.86 2.035128e+18
1519.20 2.036959e+18
1522.54 2.038795e+18
1525.88 2.040637e+18
1529.22 2.042482e+18
1532.55 2.044332e+18
1535.89 2.046186e+18
1539.23 2.048045e+18
1542.57 2.049910e+18
1545.91 2.051778e+18
1549.25 2.053652e+18
1552.59 2.055530e+18
1555.93 2.057413e+18
1559.27 2.059301e+18
1562.60 2.061193e+18
1565.94 2.063090e+18
1569.28 2.064992e+18
1572.62 2.066898e+18
1575.96 2.068808e+18
1579.30 2.070724e+18
1582.64 2.072643e+18
1585.98 2.074568e+18
1589.32 2.076496e+18
1592.65 2.078430e+18
1595.99 2.080367e+18
1599.33 2.082309e+18
1602.67 2.084256e+18
1606.01 2.086207e+18
1609.35 2.088162e+18
1612.69 2.090122e+18
1616.03 2.092086e+18
1619.37 2.094054e+18
1622.70 2.096026e+18
1626.04 2.098003e+18
1629.38 2.099984e+18
1632.72 2.101969e+18
1636.06 2.103958e+18
1639.40 2.105952e+18
1642.74 2.107950e+18
1646.08 2.109951e+18
1649.42 2.111957e+18
1652.75 2.113967e+18
1656.09 2.115981e+18
1659.43 2.117999e+18
1662.77 2.120021e+18
1666.11 2.122047e+18
1669.45 2.124078e+18
1672.79 2.126112e+18
1676.13 2.128149e+18
1679.47 2.130191e+18
1682.80 2.132237e+18
1686.14 2.134287e+18
1689.48 2.136340e+18
1692.82 2.138397e+18
1696.16 2.140458e+18
1699.50 2.142523e+18
1702.84 2.144591e+18
1706.18 2.146664e+18
1709.52 2.148740e+18
1712.85 2.150819e+18
1716.19 2.152902e+18
1719.53 2.154989e+18
1722.87 2.157080e+18
1726.21 2.159174e+18
1729.55 2.161272e+18
1732.89 2.163373e+18
1736.23 2.165478e+18
1739.57 2.167586e+18
1742.90 2.169698e+18
1746.24 2.171813e+18
1749.58 2.173932e+18
1752.92 2.176054e+18
1756.26 2.178179e+18
1759.60 2.180308e+18
1762.94 2.182440e+18
1766.28 2.184575e+18
1769.62 2.186714e+18
1772.95 2.188856e+18
1776.29 2.191002e+18
1779.63 2.193150e+18
1782.97 2.195302e+18
1786.31 2.197457e+18
1789.65 2.199615e+18
1792.99 2.201776e+18
1796.33 2.203940e+18
1799.67 2.206107e+18
1803.01 2.208276e+18
1806.34 2.210448e+18
1809.68 2.212623e+18
1813.02 2.214801e+18
1816.36 2.216982e+18
1819.70 2.219166e+18
1823.04 2.221353e+18
1826.38 2.223543e+18
1829.72 2.225736e+18
1833.06 2.227932e+18
1836.39 2.230130e+18
1839.73 2.232332e+18
1843.07 2.234536e+18
1846.41 2.236743e+18
1849.75 2.238952e+18
1853.09 2.241164e+18
1856.43 2.243379e+18
1859.77 2.245597e+18
1863.11 2.247818e+18
1866.44 2.250041e+18
1869.78 2.252266e+18
1873.12 2.254494e+18
1876.46 2.256725e+18
1879.80 2.258958e+18
1883.14 2.261194e+18
1886.48 2.263433e+18
1889.82 2.265674e+18
1893.16 2.267917e+18
1896.49 2.270163e+18
1899.83 2.272403e+18
1903.17 2.274573e+18
1906.51 2.276746e+18
1909.85 2.278921e+18
1913.19 2.281098e+18
1916.53 2.283277e+18
1919.87 2.285458e+18
1923.21 2.287642e+18
1926.54 2.289827e+18
1929.88 2.292015e+18
1933.22 2.294204e+18
1936.56 2.296396e+18
1939.90 2.298590e+18
1943.24 2.300786e+18
1946.58 2.302983e+18
1949.92 2.305183e+18
1953.26 2.307385e+18
1956.59 2.309588e+18
1959.93 2.311794e+18
1963.27 2.314001e+18
1966.61 2.316210e+18
1969.95 2.318421e+18
1973.29 2.320634e+18
1976.63 2.322849e+18
1979.97 2.325065e+18
1983.31 2.327283e+18
1986.64 2.329503e+18
1989.98 2.331725e+18
1993.32 2.333948e+18
1996.66 2.336173e+18
2000.00 2.338402e+18
