# material: cobalt 
# phonon heat capacity (DFT calculation spin resolved) 
# temperature [K], heat capacity [J/(m^3K)] 
0001.67 3.672423e+01
0005.01 3.982463e+02
0008.35 1.645672e+03
0011.69 4.411086e+03
0015.03 9.629844e+03
0018.36 1.893940e+04
0021.70 3.476709e+04
0025.04 5.977735e+04
0028.38 9.610418e+04
0031.72 1.448880e+05
0035.06 2.062112e+05
0038.40 2.792817e+05
0041.74 3.627042e+05
0045.08 4.547421e+05
0048.41 5.535305e+05
0051.75 6.572311e+05
0055.09 7.641329e+05
0058.43 8.727107e+05
0061.77 9.816515e+05
0065.11 1.089859e+06
0068.45 1.196443e+06
0071.79 1.300703e+06
0075.13 1.402104e+06
0078.46 1.500255e+06
0081.80 1.594885e+06
0085.14 1.685823e+06
0088.48 1.772977e+06
0091.82 1.856322e+06
0095.16 1.935881e+06
0098.50 2.011717e+06
0101.84 2.083921e+06
0105.18 2.152607e+06
0108.51 2.217902e+06
0111.85 2.279943e+06
0115.19 2.338872e+06
0118.53 2.394834e+06
0121.87 2.447974e+06
0125.21 2.498435e+06
0128.55 2.546356e+06
0131.89 2.591872e+06
0135.23 2.635114e+06
0138.56 2.676207e+06
0141.90 2.715270e+06
0145.24 2.752416e+06
0148.58 2.787752e+06
0151.92 2.821381e+06
0155.26 2.853398e+06
0158.60 2.883895e+06
0161.94 2.912956e+06
0165.28 2.940662e+06
0168.61 2.967089e+06
0171.95 2.992308e+06
0175.29 3.016385e+06
0178.63 3.039384e+06
0181.97 3.061363e+06
0185.31 3.082378e+06
0188.65 3.102481e+06
0191.99 3.121721e+06
0195.33 3.140143e+06
0198.66 3.157791e+06
0202.00 3.174705e+06
0205.34 3.190924e+06
0208.68 3.206482e+06
0212.02 3.221414e+06
0215.36 3.235751e+06
0218.70 3.249523e+06
0222.04 3.262759e+06
0225.38 3.275484e+06
0228.71 3.287724e+06
0232.05 3.299501e+06
0235.39 3.310839e+06
0238.73 3.321757e+06
0242.07 3.332276e+06
0245.41 3.342415e+06
0248.75 3.352190e+06
0252.09 3.361618e+06
0255.43 3.370716e+06
0258.76 3.379498e+06
0262.10 3.387978e+06
0265.44 3.396169e+06
0268.78 3.404084e+06
0272.12 3.411735e+06
0275.46 3.419133e+06
0278.80 3.426289e+06
0282.14 3.433213e+06
0285.48 3.439915e+06
0288.81 3.446404e+06
0292.15 3.452689e+06
0295.49 3.458778e+06
0298.83 3.464679e+06
0302.17 3.470399e+06
0305.51 3.475946e+06
0308.85 3.481326e+06
0312.19 3.486547e+06
0315.53 3.491613e+06
0318.86 3.496531e+06
0322.20 3.501307e+06
0325.54 3.505945e+06
0328.88 3.510452e+06
0332.22 3.514831e+06
0335.56 3.519088e+06
0338.90 3.523228e+06
0342.24 3.527253e+06
0345.58 3.531168e+06
0348.91 3.534978e+06
0352.25 3.538686e+06
0355.59 3.542295e+06
0358.93 3.545809e+06
0362.27 3.549232e+06
0365.61 3.552565e+06
0368.95 3.555813e+06
0372.29 3.558978e+06
0375.63 3.562063e+06
0378.96 3.565071e+06
0382.30 3.568003e+06
0385.64 3.570864e+06
0388.98 3.573654e+06
0392.32 3.576376e+06
0395.66 3.579033e+06
0399.00 3.581625e+06
0402.34 3.584157e+06
0405.68 3.586628e+06
0409.02 3.589042e+06
0412.35 3.591399e+06
0415.69 3.593702e+06
0419.03 3.595953e+06
0422.37 3.598152e+06
0425.71 3.600302e+06
0429.05 3.602403e+06
0432.39 3.604458e+06
0435.73 3.606467e+06
0439.07 3.608432e+06
0442.40 3.610354e+06
0445.74 3.612235e+06
0449.08 3.614075e+06
0452.42 3.615876e+06
0455.76 3.617639e+06
0459.10 3.619365e+06
0462.44 3.621055e+06
0465.78 3.622709e+06
0469.12 3.624330e+06
0472.45 3.625917e+06
0475.79 3.627472e+06
0479.13 3.628996e+06
0482.47 3.630488e+06
0485.81 3.631952e+06
0489.15 3.633386e+06
0492.49 3.634791e+06
0495.83 3.636170e+06
0499.17 3.637521e+06
0502.50 3.638846e+06
0505.84 3.640146e+06
0509.18 3.641421e+06
0512.52 3.642672e+06
0515.86 3.643899e+06
0519.20 3.645103e+06
0522.54 3.646285e+06
0525.88 3.647445e+06
0529.22 3.648584e+06
0532.55 3.649701e+06
0535.89 3.650798e+06
0539.23 3.651876e+06
0542.57 3.652934e+06
0545.91 3.653973e+06
0549.25 3.654994e+06
0552.59 3.655996e+06
0555.93 3.656982e+06
0559.27 3.657949e+06
0562.60 3.658900e+06
0565.94 3.659835e+06
0569.28 3.660753e+06
0572.62 3.661656e+06
0575.96 3.662544e+06
0579.30 3.663416e+06
0582.64 3.664274e+06
0585.98 3.665117e+06
0589.32 3.665947e+06
0592.65 3.666763e+06
0595.99 3.667565e+06
0599.33 3.668354e+06
0602.67 3.669131e+06
0606.01 3.669894e+06
0609.35 3.670646e+06
0612.69 3.671386e+06
0616.03 3.672113e+06
0619.37 3.672829e+06
0622.70 3.673534e+06
0626.04 3.674228e+06
0629.38 3.674911e+06
0632.72 3.675584e+06
0636.06 3.676246e+06
0639.40 3.676897e+06
0642.74 3.677539e+06
0646.08 3.678171e+06
0649.42 3.678794e+06
0652.75 3.679407e+06
0656.09 3.680011e+06
0659.43 3.680606e+06
0662.77 3.681192e+06
0666.11 3.681770e+06
0669.45 3.682339e+06
0672.79 3.682899e+06
0676.13 3.683452e+06
0679.47 3.683996e+06
0682.80 3.684533e+06
0686.14 3.685062e+06
0689.48 3.685583e+06
0692.82 3.686097e+06
0696.16 3.686604e+06
0699.50 3.687103e+06
0702.84 3.687596e+06
0706.18 3.688082e+06
0709.52 3.688561e+06
0712.85 3.689033e+06
0716.19 3.689499e+06
0719.53 3.689958e+06
0722.87 3.690411e+06
0726.21 3.690858e+06
0729.55 3.691299e+06
0732.89 3.691734e+06
0736.23 3.692163e+06
0739.57 3.692587e+06
0742.90 3.693005e+06
0746.24 3.693417e+06
0749.58 3.693824e+06
0752.92 3.694225e+06
0756.26 3.694622e+06
0759.60 3.695013e+06
0762.94 3.695399e+06
0766.28 3.695780e+06
0769.62 3.696156e+06
0772.95 3.696527e+06
0776.29 3.696894e+06
0779.63 3.697256e+06
0782.97 3.697613e+06
0786.31 3.697966e+06
0789.65 3.698315e+06
0792.99 3.698659e+06
0796.33 3.698999e+06
0799.67 3.699335e+06
0803.01 3.699666e+06
0806.34 3.699994e+06
0809.68 3.700317e+06
0813.02 3.700637e+06
0816.36 3.700952e+06
0819.70 3.701264e+06
0823.04 3.701572e+06
0826.38 3.701877e+06
0829.72 3.702178e+06
0833.06 3.702475e+06
0836.39 3.702769e+06
0839.73 3.703059e+06
0843.07 3.703346e+06
0846.41 3.703629e+06
0849.75 3.703909e+06
0853.09 3.704186e+06
0856.43 3.704460e+06
0859.77 3.704730e+06
0863.11 3.704998e+06
0866.44 3.705262e+06
0869.78 3.705524e+06
0873.12 3.705782e+06
0876.46 3.706038e+06
0879.80 3.706290e+06
0883.14 3.706540e+06
0886.48 3.706787e+06
0889.82 3.707031e+06
0893.16 3.707273e+06
0896.49 3.707512e+06
0899.83 3.707748e+06
0903.17 3.707981e+06
0906.51 3.708213e+06
0909.85 3.708441e+06
0913.19 3.708667e+06
0916.53 3.708891e+06
0919.87 3.709112e+06
0923.21 3.709331e+06
0926.54 3.709547e+06
0929.88 3.709762e+06
0933.22 3.709973e+06
0936.56 3.710183e+06
0939.90 3.710391e+06
0943.24 3.710596e+06
0946.58 3.710799e+06
0949.92 3.711000e+06
0953.26 3.711199e+06
0956.59 3.711396e+06
0959.93 3.711591e+06
0963.27 3.711783e+06
0966.61 3.711974e+06
0969.95 3.712163e+06
0973.29 3.712350e+06
0976.63 3.712535e+06
0979.97 3.712718e+06
0983.31 3.712899e+06
0986.64 3.713079e+06
0989.98 3.713257e+06
0993.32 3.713433e+06
0996.66 3.713607e+06
1000.00 3.713779e+06
1003.34 3.713950e+06
1006.68 3.714119e+06
1010.02 3.714286e+06
1013.36 3.714452e+06
1016.69 3.714616e+06
1020.03 3.714779e+06
1023.37 3.714940e+06
1026.71 3.715099e+06
1030.05 3.715257e+06
1033.39 3.715413e+06
1036.73 3.715568e+06
1040.07 3.715721e+06
1043.41 3.715873e+06
1046.74 3.716024e+06
1050.08 3.716173e+06
1053.42 3.716320e+06
1056.76 3.716466e+06
1060.10 3.716611e+06
1063.44 3.716755e+06
1066.78 3.716897e+06
1070.12 3.717038e+06
1073.46 3.717177e+06
1076.79 3.717316e+06
1080.13 3.717453e+06
1083.47 3.717588e+06
1086.81 3.717723e+06
1090.15 3.717856e+06
1093.49 3.717988e+06
1096.83 3.718119e+06
1100.17 3.718249e+06
1103.51 3.718377e+06
1106.84 3.718504e+06
1110.18 3.718631e+06
1113.52 3.718756e+06
1116.86 3.718880e+06
1120.20 3.719002e+06
1123.54 3.719124e+06
1126.88 3.719245e+06
1130.22 3.719365e+06
1133.56 3.719483e+06
1136.89 3.719601e+06
1140.23 3.719717e+06
1143.57 3.719833e+06
1146.91 3.719947e+06
1150.25 3.720061e+06
1153.59 3.720173e+06
1156.93 3.720285e+06
1160.27 3.720395e+06
1163.61 3.720505e+06
1166.94 3.720614e+06
1170.28 3.720722e+06
1173.62 3.720828e+06
1176.96 3.720934e+06
1180.30 3.721040e+06
1183.64 3.721144e+06
1186.98 3.721247e+06
1190.32 3.721349e+06
1193.66 3.721451e+06
1196.99 3.721552e+06
1200.33 3.721652e+06
1203.67 3.721751e+06
1207.01 3.721849e+06
1210.35 3.721947e+06
1213.69 3.722043e+06
1217.03 3.722139e+06
1220.37 3.722234e+06
1223.71 3.722329e+06
1227.05 3.722422e+06
1230.38 3.722515e+06
1233.72 3.722607e+06
1237.06 3.722698e+06
1240.40 3.722789e+06
1243.74 3.722879e+06
1247.08 3.722968e+06
1250.42 3.723056e+06
1253.76 3.723144e+06
1257.10 3.723231e+06
1260.43 3.723318e+06
1263.77 3.723403e+06
1267.11 3.723488e+06
1270.45 3.723572e+06
1273.79 3.723656e+06
1277.13 3.723739e+06
1280.47 3.723822e+06
1283.81 3.723903e+06
1287.15 3.723984e+06
1290.48 3.724065e+06
1293.82 3.724145e+06
1297.16 3.724224e+06
1300.50 3.724303e+06
1303.84 3.724381e+06
1307.18 3.724458e+06
1310.52 3.724535e+06
1313.86 3.724611e+06
1317.20 3.724687e+06
1320.53 3.724762e+06
1323.87 3.724836e+06
1327.21 3.724910e+06
1330.55 3.724984e+06
1333.89 3.725057e+06
1337.23 3.725129e+06
1340.57 3.725201e+06
1343.91 3.725272e+06
1347.25 3.725343e+06
1350.58 3.725413e+06
1353.92 3.725483e+06
1357.26 3.725552e+06
1360.60 3.725621e+06
1363.94 3.725689e+06
1367.28 3.725757e+06
1370.62 3.725824e+06
1373.96 3.725890e+06
1377.30 3.725957e+06
1380.63 3.726022e+06
1383.97 3.726088e+06
1387.31 3.726153e+06
1390.65 3.726217e+06
1393.99 3.726281e+06
1397.33 3.726344e+06
1400.67 3.726407e+06
1404.01 3.726470e+06
1407.35 3.726532e+06
1410.68 3.726593e+06
1414.02 3.726655e+06
1417.36 3.726715e+06
1420.70 3.726776e+06
1424.04 3.726836e+06
1427.38 3.726895e+06
1430.72 3.726954e+06
1434.06 3.727013e+06
1437.40 3.727071e+06
1440.73 3.727129e+06
1444.07 3.727187e+06
1447.41 3.727244e+06
1450.75 3.727300e+06
1454.09 3.727357e+06
1457.43 3.727413e+06
1460.77 3.727468e+06
1464.11 3.727523e+06
1467.45 3.727578e+06
1470.78 3.727632e+06
1474.12 3.727686e+06
1477.46 3.727740e+06
1480.80 3.727793e+06
1484.14 3.727846e+06
1487.48 3.727899e+06
1490.82 3.727951e+06
1494.16 3.728003e+06
1497.50 3.728055e+06
1500.83 3.728106e+06
1504.17 3.728157e+06
1507.51 3.728207e+06
1510.85 3.728257e+06
1514.19 3.728307e+06
1517.53 3.728357e+06
1520.87 3.728406e+06
1524.21 3.728455e+06
1527.55 3.728504e+06
1530.88 3.728552e+06
1534.22 3.728600e+06
1537.56 3.728647e+06
1540.90 3.728695e+06
1544.24 3.728742e+06
1547.58 3.728788e+06
1550.92 3.728835e+06
1554.26 3.728881e+06
1557.60 3.728927e+06
1560.93 3.728972e+06
1564.27 3.729018e+06
1567.61 3.729063e+06
1570.95 3.729107e+06
1574.29 3.729152e+06
1577.63 3.729196e+06
1580.97 3.729239e+06
1584.31 3.729283e+06
1587.65 3.729326e+06
1590.98 3.729369e+06
1594.32 3.729412e+06
1597.66 3.729454e+06
1601.00 3.729497e+06
1604.34 3.729539e+06
1607.68 3.729580e+06
1611.02 3.729622e+06
1614.36 3.729663e+06
1617.70 3.729704e+06
1621.04 3.729744e+06
1624.37 3.729785e+06
1627.71 3.729825e+06
1631.05 3.729865e+06
1634.39 3.729905e+06
1637.73 3.729944e+06
1641.07 3.729983e+06
1644.41 3.730022e+06
1647.75 3.730061e+06
1651.09 3.730099e+06
1654.42 3.730138e+06
1657.76 3.730176e+06
1661.10 3.730213e+06
1664.44 3.730251e+06
1667.78 3.730288e+06
1671.12 3.730325e+06
1674.46 3.730362e+06
1677.80 3.730399e+06
1681.14 3.730435e+06
1684.47 3.730472e+06
1687.81 3.730508e+06
1691.15 3.730544e+06
1694.49 3.730579e+06
1697.83 3.730615e+06
1701.17 3.730650e+06
1704.51 3.730685e+06
1707.85 3.730719e+06
1711.19 3.730754e+06
1714.52 3.730788e+06
1717.86 3.730823e+06
1721.20 3.730857e+06
1724.54 3.730890e+06
1727.88 3.730924e+06
1731.22 3.730957e+06
1734.56 3.730990e+06
1737.90 3.731023e+06
1741.24 3.731056e+06
1744.57 3.731089e+06
1747.91 3.731121e+06
1751.25 3.731154e+06
1754.59 3.731186e+06
1757.93 3.731218e+06
1761.27 3.731249e+06
1764.61 3.731281e+06
1767.95 3.731312e+06
1771.29 3.731343e+06
1774.62 3.731374e+06
1777.96 3.731405e+06
1781.30 3.731436e+06
1784.64 3.731466e+06
1787.98 3.731497e+06
1791.32 3.731527e+06
1794.66 3.731557e+06
1798.00 3.731587e+06
1801.34 3.731616e+06
1804.67 3.731646e+06
1808.01 3.731675e+06
1811.35 3.731704e+06
1814.69 3.731733e+06
1818.03 3.731762e+06
1821.37 3.731791e+06
1824.71 3.731819e+06
1828.05 3.731848e+06
1831.39 3.731876e+06
1834.72 3.731904e+06
1838.06 3.731932e+06
1841.40 3.731959e+06
1844.74 3.731987e+06
1848.08 3.732014e+06
1851.42 3.732042e+06
1854.76 3.732069e+06
1858.10 3.732096e+06
1861.44 3.732123e+06
1864.77 3.732150e+06
1868.11 3.732176e+06
1871.45 3.732203e+06
1874.79 3.732229e+06
1878.13 3.732255e+06
1881.47 3.732281e+06
1884.81 3.732307e+06
1888.15 3.732333e+06
1891.49 3.732358e+06
1894.82 3.732384e+06
1898.16 3.732409e+06
1901.50 3.732434e+06
1904.84 3.732459e+06
1908.18 3.732484e+06
1911.52 3.732509e+06
1914.86 3.732534e+06
1918.20 3.732558e+06
1921.54 3.732583e+06
1924.87 3.732607e+06
1928.21 3.732631e+06
1931.55 3.732655e+06
1934.89 3.732679e+06
1938.23 3.732703e+06
1941.57 3.732727e+06
1944.91 3.732750e+06
1948.25 3.732774e+06
1951.59 3.732797e+06
1954.92 3.732820e+06
1958.26 3.732843e+06
1961.60 3.732866e+06
1964.94 3.732889e+06
1968.28 3.732912e+06
1971.62 3.732934e+06
1974.96 3.732957e+06
1978.30 3.732979e+06
1981.64 3.733002e+06
1984.97 3.733024e+06
1988.31 3.733046e+06
1991.65 3.733068e+06
1994.99 3.733090e+06
1998.33 3.733111e+06
