# material: cobalt 
# electron heat capacity , sum of majority and minority contributions (DFT calculation spin resolved) 
# temperature [K], heat capacity [J/(m^3K)] 
0001.67 4.694726e+02
0005.01 2.077022e+03
0008.35 2.732667e+03
0011.69 3.714713e+03
0015.03 4.716184e+03
0018.36 5.718865e+03
0021.70 6.797785e+03
0025.04 7.826964e+03
0028.38 8.842348e+03
0031.72 9.954061e+03
0035.06 1.093787e+04
0038.40 1.201388e+04
0041.74 1.308566e+04
0045.08 1.414691e+04
0048.41 1.514409e+04
0051.75 1.617197e+04
0055.09 1.726810e+04
0058.43 1.833822e+04
0061.77 1.935648e+04
0065.11 2.039522e+04
0068.45 2.144073e+04
0071.79 2.254930e+04
0075.13 2.353617e+04
0078.46 2.465704e+04
0081.80 2.562777e+04
0085.14 2.676084e+04
0088.48 2.780235e+04
0091.82 2.883974e+04
0095.16 2.988824e+04
0098.50 3.092484e+04
0101.84 3.202234e+04
0105.18 3.307408e+04
0108.51 3.414219e+04
0111.85 3.517514e+04
0115.19 3.622431e+04
0118.53 3.731021e+04
0121.87 3.831506e+04
0125.21 3.943114e+04
0128.55 4.049806e+04
0131.89 4.155563e+04
0135.23 4.257118e+04
0138.56 4.366850e+04
0141.90 4.474746e+04
0145.24 4.577669e+04
0148.58 4.689585e+04
0151.92 4.789135e+04
0155.26 4.898885e+04
0158.60 5.004608e+04
0161.94 5.111865e+04
0165.28 5.222086e+04
0168.61 5.325270e+04
0171.95 5.432888e+04
0175.29 5.542054e+04
0178.63 5.647202e+04
0181.97 5.754017e+04
0185.31 5.862583e+04
0188.65 5.970290e+04
0191.99 6.077029e+04
0195.33 6.181669e+04
0198.66 6.295585e+04
0202.00 6.400576e+04
0205.34 6.506569e+04
0208.68 6.609544e+04
0212.02 6.725283e+04
0215.36 6.828300e+04
0218.70 6.942935e+04
0222.04 7.042445e+04
0225.38 7.150975e+04
0228.71 7.267434e+04
0232.05 7.370501e+04
0235.39 7.480359e+04
0238.73 7.582978e+04
0242.07 7.693965e+04
0245.41 7.806584e+04
0248.75 7.909512e+04
0252.09 8.018554e+04
0255.43 8.133862e+04
0258.76 8.232818e+04
0262.10 8.345427e+04
0265.44 8.450522e+04
0268.78 8.560983e+04
0272.12 8.674212e+04
0275.46 8.777393e+04
0278.80 8.887773e+04
0282.14 8.996904e+04
0285.48 9.102163e+04
0288.81 9.213496e+04
0292.15 9.323895e+04
0295.49 9.427802e+04
0298.83 9.540988e+04
0302.17 9.652052e+04
0305.51 9.752677e+04
0308.85 9.865561e+04
0312.19 9.973805e+04
0315.53 1.008167e+05
0318.86 1.019068e+05
0322.20 1.030234e+05
0325.54 1.040666e+05
0328.88 1.051939e+05
0332.22 1.062487e+05
0335.56 1.073462e+05
0338.90 1.084852e+05
0342.24 1.095396e+05
0345.58 1.105646e+05
0348.91 1.117046e+05
0352.25 1.127880e+05
0355.59 1.139283e+05
0358.93 1.149554e+05
0362.27 1.159973e+05
0365.61 1.171967e+05
0368.95 1.181968e+05
0372.29 1.193396e+05
0375.63 1.204402e+05
0378.96 1.214691e+05
0382.30 1.225982e+05
0385.64 1.236552e+05
0388.98 1.247972e+05
0392.32 1.258958e+05
0395.66 1.269069e+05
0399.00 1.280313e+05
0402.34 1.291535e+05
0405.68 1.302017e+05
0409.02 1.313621e+05
0412.35 1.323762e+05
0415.69 1.335293e+05
0419.03 1.345643e+05
0422.37 1.356806e+05
0425.71 1.368062e+05
0429.05 1.378545e+05
0432.39 1.389971e+05
0435.73 1.400614e+05
0439.07 1.411474e+05
0442.40 1.422400e+05
0445.74 1.433956e+05
0449.08 1.444282e+05
0452.42 1.455371e+05
0455.76 1.466928e+05
0459.10 1.477527e+05
0462.44 1.488581e+05
0465.78 1.498943e+05
0469.12 1.510901e+05
0472.45 1.521438e+05
0475.79 1.532551e+05
0479.13 1.542947e+05
0482.47 1.555060e+05
0485.81 1.565289e+05
0489.15 1.576651e+05
0492.49 1.587695e+05
0495.83 1.598852e+05
0499.17 1.609823e+05
0502.50 1.621040e+05
0505.84 1.631912e+05
0509.18 1.643589e+05
0512.52 1.653911e+05
0515.86 1.665304e+05
0519.20 1.676765e+05
0522.54 1.687570e+05
0525.88 1.698709e+05
0529.22 1.710189e+05
0532.55 1.721127e+05
0535.89 1.733111e+05
0539.23 1.743252e+05
0542.57 1.754705e+05
0545.91 1.766322e+05
0549.25 1.776941e+05
0552.59 1.788855e+05
0555.93 1.799905e+05
0559.27 1.810948e+05
0562.60 1.822405e+05
0565.94 1.833843e+05
0569.28 1.845257e+05
0572.62 1.856205e+05
0575.96 1.867980e+05
0579.30 1.878705e+05
0582.64 1.890965e+05
0585.98 1.902017e+05
0589.32 1.913012e+05
0592.65 1.924808e+05
0595.99 1.935952e+05
0599.33 1.948034e+05
0602.67 1.959026e+05
0606.01 1.970653e+05
0609.35 1.982764e+05
0612.69 1.993771e+05
0616.03 2.004970e+05
0619.37 2.017066e+05
0622.70 2.028335e+05
0626.04 2.040210e+05
0629.38 2.051820e+05
0632.72 2.063163e+05
0636.06 2.075098e+05
0639.40 2.086755e+05
0642.74 2.098131e+05
0646.08 2.110232e+05
0649.42 2.121897e+05
0652.75 2.133987e+05
0656.09 2.145496e+05
0659.43 2.157130e+05
0662.77 2.169324e+05
0666.11 2.180632e+05
0669.45 2.193212e+05
0672.79 2.204753e+05
0676.13 2.216693e+05
0679.47 2.228598e+05
0682.80 2.240748e+05
0686.14 2.252857e+05
0689.48 2.264630e+05
0692.82 2.276783e+05
0696.16 2.288885e+05
0699.50 2.300640e+05
0702.84 2.312912e+05
0706.18 2.325552e+05
0709.52 2.337407e+05
0712.85 2.349478e+05
0716.19 2.361624e+05
0719.53 2.373981e+05
0722.87 2.386261e+05
0726.21 2.398893e+05
0729.55 2.410575e+05
0732.89 2.423471e+05
0736.23 2.435412e+05
0739.57 2.448562e+05
0742.90 2.460753e+05
0746.24 2.472702e+05
0749.58 2.485708e+05
0752.92 2.497893e+05
0756.26 2.510553e+05
0759.60 2.523686e+05
0762.94 2.535846e+05
0766.28 2.548475e+05
0769.62 2.561571e+05
0772.95 2.573687e+05
0776.29 2.586990e+05
0779.63 2.599455e+05
0782.97 2.612381e+05
0786.31 2.625042e+05
0789.65 2.638160e+05
0792.99 2.651012e+05
0796.33 2.663740e+05
0799.67 2.676921e+05
0803.01 2.689976e+05
0806.34 2.702612e+05
0809.68 2.716568e+05
0813.02 2.728946e+05
0816.36 2.742349e+05
0819.70 2.755043e+05
0823.04 2.768759e+05
0826.38 2.782489e+05
0829.72 2.795067e+05
0833.06 2.808233e+05
0836.39 2.821988e+05
0839.73 2.835460e+05
0843.07 2.848941e+05
0846.41 2.861844e+05
0849.75 2.875626e+05
0853.09 2.889701e+05
0856.43 2.903057e+05
0859.77 2.915981e+05
0863.11 2.930507e+05
0866.44 2.943874e+05
0869.78 2.957101e+05
0873.12 2.971637e+05
0876.46 2.985160e+05
0879.80 2.998834e+05
0883.14 3.012654e+05
0886.48 3.027350e+05
0889.82 3.040308e+05
0893.16 3.055302e+05
0896.49 3.068704e+05
0899.83 3.082545e+05
0903.17 3.097118e+05
0906.51 3.111552e+05
0909.85 3.124973e+05
0913.19 3.139856e+05
0916.53 3.154600e+05
0919.87 3.167606e+05
0923.21 3.182803e+05
0926.54 3.197136e+05
0929.88 3.211916e+05
0933.22 3.226125e+05
0936.56 3.240782e+05
0939.90 3.255160e+05
0943.24 3.269845e+05
0946.58 3.284689e+05
0949.92 3.298967e+05
0953.26 3.313991e+05
0956.59 3.328596e+05
0959.93 3.343949e+05
0963.27 3.358742e+05
0966.61 3.372972e+05
0969.95 3.388978e+05
0973.29 3.403405e+05
0976.63 3.418296e+05
0979.97 3.433945e+05
0983.31 3.448750e+05
0986.64 3.464316e+05
0989.98 3.478894e+05
0993.32 3.494385e+05
0996.66 3.510496e+05
1000.00 3.525042e+05
1003.34 3.540942e+05
1006.68 3.556157e+05
1010.02 3.571271e+05
1013.36 3.587893e+05
1016.69 3.602958e+05
1020.03 3.617930e+05
1023.37 3.634416e+05
1026.71 3.650230e+05
1030.05 3.665956e+05
1033.39 3.681597e+05
1036.73 3.697303e+05
1040.07 3.713660e+05
1043.41 3.729501e+05
1046.74 3.744974e+05
1050.08 3.761400e+05
1053.42 3.777904e+05
1056.76 3.793462e+05
1060.10 3.810713e+05
1063.44 3.825708e+05
1066.78 3.842839e+05
1070.12 3.859331e+05
1073.46 3.875038e+05
1076.79 3.891721e+05
1080.13 3.908211e+05
1083.47 3.924805e+05
1086.81 3.941505e+05
1090.15 3.958316e+05
1093.49 3.974064e+05
1096.83 3.991838e+05
1100.17 4.008557e+05
1103.51 4.024665e+05
1106.84 4.041633e+05
1110.18 4.059465e+05
1113.52 4.075816e+05
1116.86 4.092155e+05
1120.20 4.110252e+05
1123.54 4.126729e+05
1126.88 4.144236e+05
1130.22 4.161599e+05
1133.56 4.178382e+05
1136.89 4.196060e+05
1140.23 4.213165e+05
1143.57 4.230141e+05
1146.91 4.248171e+05
1150.25 4.265344e+05
1153.59 4.283579e+05
1156.93 4.300376e+05
1160.27 4.317799e+05
1163.61 4.336446e+05
1166.94 4.353518e+05
1170.28 4.371524e+05
1173.62 4.388848e+05
1176.96 4.407116e+05
1180.30 4.424709e+05
1183.64 4.443106e+05
1186.98 4.460249e+05
1190.32 4.479089e+05
1193.66 4.497123e+05
1196.99 4.514800e+05
1200.33 4.533154e+05
1203.67 4.551749e+05
1207.01 4.569851e+05
1210.35 4.587906e+05
1213.69 4.606214e+05
1217.03 4.624633e+05
1220.37 4.643315e+05
1223.71 4.661376e+05
1227.05 4.680449e+05
1230.38 4.698613e+05
1233.72 4.717356e+05
1237.06 4.735938e+05
1240.40 4.754959e+05
1243.74 4.773237e+05
1247.08 4.792556e+05
1250.42 4.811289e+05
1253.76 4.830033e+05
1257.10 4.848500e+05
1260.43 4.868617e+05
1263.77 4.886386e+05
1267.11 4.906265e+05
1270.45 4.925287e+05
1273.79 4.943755e+05
1277.13 4.963458e+05
1280.47 4.982316e+05
1283.81 5.002418e+05
1287.15 5.020943e+05
1290.48 5.040572e+05
1293.82 5.059676e+05
1297.16 5.079593e+05
1300.50 5.098551e+05
1303.84 5.118182e+05
1307.18 5.138049e+05
1310.52 5.156821e+05
1313.86 5.177174e+05
1317.20 5.197185e+05
1320.53 5.216406e+05
1323.87 5.236037e+05
1327.21 5.255933e+05
1330.55 5.275948e+05
1333.89 5.295341e+05
1337.23 5.315316e+05
1340.57 5.336017e+05
1343.91 5.355518e+05
1347.25 5.375312e+05
1350.58 5.395253e+05
1353.92 5.415498e+05
1357.26 5.436050e+05
1360.60 5.456019e+05
1363.94 5.476305e+05
1367.28 5.496016e+05
1370.62 5.516801e+05
1373.96 5.536867e+05
1377.30 5.557575e+05
1380.63 5.577574e+05
1383.97 5.597766e+05
1387.31 5.619057e+05
1390.65 5.638463e+05
1393.99 5.660166e+05
1397.33 5.679993e+05
1400.67 5.700785e+05
1404.01 5.721204e+05
1407.35 5.741850e+05
1410.68 5.762727e+05
1414.02 5.783092e+05
1417.36 5.804599e+05
1420.70 5.824701e+05
1424.04 5.845954e+05
1427.38 5.866713e+05
1430.72 5.886828e+05
1434.06 5.909012e+05
1437.40 5.929061e+05
1440.73 5.950285e+05
1444.07 5.971479e+05
1447.41 5.992512e+05
1450.75 6.013522e+05
1454.09 6.034379e+05
1457.43 6.056127e+05
1460.77 6.076518e+05
1464.11 6.098116e+05
1467.45 6.119271e+05
1470.78 6.140582e+05
1474.12 6.161457e+05
1477.46 6.182807e+05
1480.80 6.204923e+05
1484.14 6.225111e+05
1487.48 6.247290e+05
1490.82 6.268744e+05
1494.16 6.289941e+05
1497.50 6.311482e+05
1500.83 6.333062e+05
1504.17 6.354240e+05
1507.51 6.375775e+05
1510.85 6.397671e+05
1514.19 6.419022e+05
1517.53 6.440586e+05
1520.87 6.462678e+05
1524.21 6.483924e+05
1527.55 6.505862e+05
1530.88 6.527116e+05
1534.22 6.549513e+05
1537.56 6.570635e+05
1540.90 6.592907e+05
1544.24 6.614510e+05
1547.58 6.636671e+05
1550.92 6.658169e+05
1554.26 6.679919e+05
1557.60 6.702239e+05
1560.93 6.723905e+05
1564.27 6.745835e+05
1567.61 6.767272e+05
1570.95 6.790052e+05
1574.29 6.811275e+05
1577.63 6.833847e+05
1580.97 6.855625e+05
1584.31 6.878001e+05
1587.65 6.899747e+05
1590.98 6.922540e+05
1594.32 6.943507e+05
1597.66 6.966729e+05
1601.00 6.988447e+05
1604.34 7.009990e+05
1607.68 7.032914e+05
1611.02 7.054466e+05
1614.36 7.077247e+05
1617.70 7.099262e+05
1621.04 7.121752e+05
1624.37 7.143799e+05
1627.71 7.166008e+05
1631.05 7.188700e+05
1634.39 7.210797e+05
1637.73 7.233223e+05
1641.07 7.255219e+05
1644.41 7.278151e+05
1647.75 7.299895e+05
1651.09 7.322138e+05
1654.42 7.345165e+05
1657.76 7.367010e+05
1661.10 7.390125e+05
1664.44 7.412504e+05
1667.78 7.434471e+05
1671.12 7.456951e+05
1674.46 7.479304e+05
1677.80 7.502337e+05
1681.14 7.524804e+05
1684.47 7.546546e+05
1687.81 7.569740e+05
1691.15 7.592050e+05
1694.49 7.615052e+05
1697.83 7.637335e+05
1701.17 7.659828e+05
1704.51 7.682090e+05
1707.85 7.705171e+05
1711.19 7.727259e+05
1714.52 7.750168e+05
1717.86 7.773459e+05
1721.20 7.794669e+05
1724.54 7.818565e+05
1727.88 7.840382e+05
1731.22 7.863355e+05
1734.56 7.886392e+05
1737.90 7.908284e+05
1741.24 7.931336e+05
1744.57 7.954456e+05
1747.91 7.976597e+05
1751.25 7.999577e+05
1754.59 8.022023e+05
1757.93 8.044868e+05
1761.27 8.067180e+05
1764.61 8.090665e+05
1767.95 8.112685e+05
1771.29 8.135715e+05
1774.62 8.158545e+05
1777.96 8.181289e+05
1781.30 8.203835e+05
1784.64 8.226625e+05
1787.98 8.249495e+05
1791.32 8.272612e+05
1794.66 8.294762e+05
1798.00 8.317767e+05
1801.34 8.340856e+05
1804.67 8.362980e+05
1808.01 8.386734e+05
1811.35 8.408586e+05
1814.69 8.432070e+05
1818.03 8.454426e+05
1821.37 8.476868e+05
1824.71 8.500504e+05
1828.05 8.522845e+05
1831.39 8.546049e+05
1834.72 8.568125e+05
1838.06 8.591231e+05
1841.40 8.614594e+05
1844.74 8.636662e+05
1848.08 8.659594e+05
1851.42 8.682951e+05
1854.76 8.705014e+05
1858.10 8.728886e+05
1861.44 8.750519e+05
1864.77 8.774130e+05
1868.11 8.796279e+05
1871.45 8.819799e+05
1874.79 8.842295e+05
1878.13 8.864609e+05
1881.47 8.887959e+05
1884.81 8.910621e+05
1888.15 8.933542e+05
1891.49 8.956722e+05
1894.82 8.979382e+05
1898.16 9.001521e+05
1901.50 9.024698e+05
1904.84 9.047963e+05
1908.18 9.070098e+05
1911.52 9.093270e+05
1914.86 9.115750e+05
1918.20 9.139268e+05
1921.54 9.161483e+05
1924.87 9.183954e+05
1928.21 9.207293e+05
1931.55 9.229668e+05
1934.89 9.252738e+05
1938.23 9.275283e+05
1941.57 9.298865e+05
1944.91 9.320356e+05
1948.25 9.344449e+05
1951.59 9.366449e+05
1954.92 9.389313e+05
1958.26 9.411819e+05
1961.60 9.435017e+05
1964.94 9.457245e+05
1968.28 9.480164e+05
1971.62 9.503334e+05
1974.96 9.525532e+05
1978.30 9.548245e+05
1981.64 9.571380e+05
1984.97 9.593980e+05
1988.31 9.616654e+05
1991.65 9.638964e+05
1994.99 9.661958e+05
1998.33 9.684760e+05
