# material: iron 
# electron-phonon coupling parameter G_ep, sum of majority and minority contributions (DFT calculation spin resolved) 
# temperature [K], g_ep [W/(m^3K)] 
0000.00 7.160278e+17
0003.34 7.242260e+17
0006.68 7.326139e+17
0010.02 7.411976e+17
0013.36 7.499836e+17
0016.69 7.589750e+17
0020.03 7.681665e+17
0023.37 7.775448e+17
0026.71 7.870897e+17
0030.05 7.967743e+17
0033.39 8.065655e+17
0036.73 8.164256e+17
0040.07 8.263141e+17
0043.41 8.361898e+17
0046.74 8.460125e+17
0050.08 8.557448e+17
0053.42 8.653529e+17
0056.76 8.748070e+17
0060.10 8.840821e+17
0063.44 8.931572e+17
0066.78 9.020155e+17
0070.12 9.106440e+17
0073.46 9.190332e+17
0076.79 9.271764e+17
0080.13 9.350695e+17
0083.47 9.427105e+17
0086.81 9.500995e+17
0090.15 9.572376e+17
0093.49 9.641277e+17
0096.83 9.707733e+17
0100.17 9.771789e+17
0103.51 9.833496e+17
0106.84 9.892909e+17
0110.18 9.950088e+17
0113.52 1.000510e+18
0116.86 1.005800e+18
0120.20 1.010885e+18
0123.54 1.015774e+18
0126.88 1.020471e+18
0130.22 1.024984e+18
0133.56 1.029320e+18
0136.89 1.033485e+18
0140.23 1.037486e+18
0143.57 1.041329e+18
0146.91 1.045020e+18
0150.25 1.048566e+18
0153.59 1.051972e+18
0156.93 1.055246e+18
0160.27 1.058392e+18
0163.61 1.061417e+18
0166.94 1.064326e+18
0170.28 1.067124e+18
0173.62 1.069817e+18
0176.96 1.072410e+18
0180.30 1.074908e+18
0183.64 1.077316e+18
0186.98 1.079639e+18
0190.32 1.081881e+18
0193.66 1.084046e+18
0196.99 1.086140e+18
0200.33 1.088165e+18
0203.67 1.090127e+18
0207.01 1.092028e+18
0210.35 1.093873e+18
0213.69 1.095666e+18
0217.03 1.097409e+18
0220.37 1.099106e+18
0223.71 1.100760e+18
0227.05 1.102374e+18
0230.38 1.103951e+18
0233.72 1.105494e+18
0237.06 1.107005e+18
0240.40 1.108488e+18
0243.74 1.109943e+18
0247.08 1.111375e+18
0250.42 1.112784e+18
0253.76 1.114173e+18
0257.10 1.115544e+18
0260.43 1.116899e+18
0263.77 1.118239e+18
0267.11 1.119566e+18
0270.45 1.120882e+18
0273.79 1.122188e+18
0277.13 1.123485e+18
0280.47 1.124775e+18
0283.81 1.126059e+18
0287.15 1.127339e+18
0290.48 1.128614e+18
0293.82 1.129887e+18
0297.16 1.131158e+18
0300.50 1.132427e+18
0303.84 1.133696e+18
0307.18 1.134966e+18
0310.52 1.136237e+18
0313.86 1.137509e+18
0317.20 1.138784e+18
0320.53 1.140061e+18
0323.87 1.141341e+18
0327.21 1.142625e+18
0330.55 1.143913e+18
0333.89 1.145205e+18
0337.23 1.146502e+18
0340.57 1.147803e+18
0343.91 1.149110e+18
0347.25 1.150421e+18
0350.58 1.151738e+18
0353.92 1.153060e+18
0357.26 1.154388e+18
0360.60 1.155721e+18
0363.94 1.157060e+18
0367.28 1.158404e+18
0370.62 1.159754e+18
0373.96 1.161109e+18
0377.30 1.162470e+18
0380.63 1.163837e+18
0383.97 1.165209e+18
0387.31 1.166586e+18
0390.65 1.167969e+18
0393.99 1.169356e+18
0397.33 1.170749e+18
0400.67 1.172146e+18
0404.01 1.173548e+18
0407.35 1.174955e+18
0410.68 1.176366e+18
0414.02 1.177782e+18
0417.36 1.179201e+18
0420.70 1.180625e+18
0424.04 1.182052e+18
0427.38 1.183483e+18
0430.72 1.184917e+18
0434.06 1.186355e+18
0437.40 1.187795e+18
0440.73 1.189238e+18
0444.07 1.190684e+18
0447.41 1.192133e+18
0450.75 1.193584e+18
0454.09 1.195037e+18
0457.43 1.196492e+18
0460.77 1.197949e+18
0464.11 1.199407e+18
0467.45 1.200866e+18
0470.78 1.202327e+18
0474.12 1.203789e+18
0477.46 1.205252e+18
0480.80 1.206716e+18
0484.14 1.208180e+18
0487.48 1.209644e+18
0490.82 1.211109e+18
0494.16 1.212574e+18
0497.50 1.214044e+18
0500.83 1.215518e+18
0504.17 1.216991e+18
0507.51 1.218464e+18
0510.85 1.219936e+18
0514.19 1.221408e+18
0517.53 1.222879e+18
0520.87 1.224349e+18
0524.21 1.225818e+18
0527.55 1.227286e+18
0530.88 1.228753e+18
0534.22 1.230218e+18
0537.56 1.231682e+18
0540.90 1.233144e+18
0544.24 1.234604e+18
0547.58 1.236063e+18
0550.92 1.237520e+18
0554.26 1.238974e+18
0557.60 1.240427e+18
0560.93 1.241878e+18
0564.27 1.243326e+18
0567.61 1.244772e+18
0570.95 1.246215e+18
0574.29 1.247656e+18
0577.63 1.249095e+18
0580.97 1.250531e+18
0584.31 1.251964e+18
0587.65 1.253394e+18
0590.98 1.254822e+18
0594.32 1.256247e+18
0597.66 1.257669e+18
0601.00 1.259088e+18
0604.34 1.260504e+18
0607.68 1.261917e+18
0611.02 1.263327e+18
0614.36 1.264734e+18
0617.70 1.266138e+18
0621.04 1.267539e+18
0624.37 1.268937e+18
0627.71 1.270331e+18
0631.05 1.271722e+18
0634.39 1.273110e+18
0637.73 1.274495e+18
0641.07 1.275876e+18
0644.41 1.277254e+18
0647.75 1.278629e+18
0651.09 1.280001e+18
0654.42 1.281369e+18
0657.76 1.282734e+18
0661.10 1.284096e+18
0664.44 1.285454e+18
0667.78 1.286809e+18
0671.12 1.288161e+18
0674.46 1.289510e+18
0677.80 1.290855e+18
0681.14 1.292197e+18
0684.47 1.293535e+18
0687.81 1.294871e+18
0691.15 1.296203e+18
0694.49 1.297532e+18
0697.83 1.298857e+18
0701.17 1.300180e+18
0704.51 1.301499e+18
0707.85 1.302815e+18
0711.19 1.304128e+18
0714.52 1.305438e+18
0717.86 1.306744e+18
0721.20 1.308080e+18
0724.54 1.309626e+18
0727.88 1.311169e+18
0731.22 1.312710e+18
0734.56 1.314249e+18
0737.90 1.315785e+18
0741.24 1.317319e+18
0744.57 1.318851e+18
0747.91 1.320381e+18
0751.25 1.321909e+18
0754.59 1.323435e+18
0757.93 1.324958e+18
0761.27 1.326480e+18
0764.61 1.327999e+18
0767.95 1.329516e+18
0771.29 1.330988e+18
0774.62 1.332428e+18
0777.96 1.333865e+18
0781.30 1.335300e+18
0784.64 1.336732e+18
0787.98 1.338162e+18
0791.32 1.339589e+18
0794.66 1.341014e+18
0798.00 1.342437e+18
0801.34 1.343857e+18
0804.67 1.345275e+18
0808.01 1.346691e+18
0811.35 1.348104e+18
0814.69 1.349516e+18
0818.03 1.350925e+18
0821.37 1.352332e+18
0824.71 1.353737e+18
0828.05 1.355140e+18
0831.39 1.356541e+18
0834.72 1.357940e+18
0838.06 1.359337e+18
0841.40 1.360732e+18
0844.74 1.362126e+18
0848.08 1.363517e+18
0851.42 1.364907e+18
0854.76 1.366295e+18
0858.10 1.367682e+18
0861.44 1.369067e+18
0864.77 1.370450e+18
0868.11 1.371831e+18
0871.45 1.373212e+18
0874.79 1.374590e+18
0878.13 1.375968e+18
0881.47 1.377343e+18
0884.81 1.378718e+18
0888.15 1.380091e+18
0891.49 1.381463e+18
0894.82 1.382834e+18
0898.16 1.384203e+18
0901.50 1.385571e+18
0904.84 1.386939e+18
0908.18 1.388305e+18
0911.52 1.389670e+18
0914.86 1.391034e+18
0918.20 1.392397e+18
0921.54 1.393759e+18
0924.87 1.395121e+18
0928.21 1.396481e+18
0931.55 1.397841e+18
0934.89 1.399200e+18
0938.23 1.400559e+18
0941.57 1.401916e+18
0944.91 1.403273e+18
0948.25 1.404630e+18
0951.59 1.405986e+18
0954.92 1.407341e+18
0958.26 1.408696e+18
0961.60 1.410051e+18
0964.94 1.411405e+18
0968.28 1.412759e+18
0971.62 1.414112e+18
0974.96 1.415465e+18
0978.30 1.416819e+18
0981.64 1.418171e+18
0984.97 1.419524e+18
0988.31 1.420879e+18
0991.65 1.422237e+18
0994.99 1.423594e+18
0998.33 1.424952e+18
1001.67 1.426310e+18
1005.01 1.427667e+18
1008.35 1.429025e+18
1011.69 1.430384e+18
1015.03 1.431742e+18
1018.36 1.433101e+18
1021.70 1.434460e+18
1025.04 1.435819e+18
1028.38 1.437179e+18
1031.72 1.438539e+18
1035.06 1.439899e+18
1038.40 1.441260e+18
1041.74 1.442622e+18
1045.08 1.443984e+18
1048.41 1.445347e+18
1051.75 1.446710e+18
1055.09 1.448074e+18
1058.43 1.449439e+18
1061.77 1.450805e+18
1065.11 1.452171e+18
1068.45 1.453538e+18
1071.79 1.454906e+18
1075.13 1.456275e+18
1078.46 1.457645e+18
1081.80 1.459015e+18
1085.14 1.460387e+18
1088.48 1.461760e+18
1091.82 1.463133e+18
1095.16 1.464508e+18
1098.50 1.465884e+18
1101.84 1.467261e+18
1105.18 1.468418e+18
1108.51 1.469519e+18
1111.85 1.470622e+18
1115.19 1.471725e+18
1118.53 1.472830e+18
1121.87 1.473936e+18
1125.21 1.475042e+18
1128.55 1.476150e+18
1131.89 1.477259e+18
1135.23 1.478369e+18
1138.56 1.479480e+18
1141.90 1.480593e+18
1145.24 1.481707e+18
1148.58 1.482822e+18
1151.92 1.483938e+18
1155.26 1.485055e+18
1158.60 1.486174e+18
1161.94 1.487295e+18
1165.28 1.488417e+18
1168.61 1.489540e+18
1171.95 1.490665e+18
1175.29 1.491791e+18
1178.63 1.492919e+18
1181.97 1.494048e+18
1185.31 1.495173e+18
1188.65 1.496293e+18
1191.99 1.497415e+18
1195.33 1.498538e+18
1198.66 1.499663e+18
1202.00 1.500789e+18
1205.34 1.501917e+18
1208.68 1.503047e+18
1212.02 1.504179e+18
1215.36 1.505312e+18
1218.70 1.506447e+18
1222.04 1.507584e+18
1225.38 1.508723e+18
1228.71 1.509863e+18
1232.05 1.511006e+18
1235.39 1.512150e+18
1238.73 1.513297e+18
1242.07 1.514445e+18
1245.41 1.515596e+18
1248.75 1.516748e+18
1252.09 1.517903e+18
1255.43 1.519059e+18
1258.76 1.520218e+18
1262.10 1.521378e+18
1265.44 1.522541e+18
1268.78 1.523706e+18
1272.12 1.524873e+18
1275.46 1.526043e+18
1278.80 1.527214e+18
1282.14 1.528388e+18
1285.48 1.529564e+18
1288.81 1.530742e+18
1292.15 1.531923e+18
1295.49 1.533106e+18
1298.83 1.534291e+18
1302.17 1.535479e+18
1305.51 1.536669e+18
1308.85 1.537861e+18
1312.19 1.539056e+18
1315.53 1.540254e+18
1318.86 1.541453e+18
1322.20 1.542656e+18
1325.54 1.543860e+18
1328.88 1.545068e+18
1332.22 1.546277e+18
1335.56 1.547490e+18
1338.90 1.548705e+18
1342.24 1.549922e+18
1345.58 1.551142e+18
1348.91 1.552365e+18
1352.25 1.553590e+18
1355.59 1.554818e+18
1358.93 1.556049e+18
1362.27 1.557283e+18
1365.61 1.558519e+18
1368.95 1.559758e+18
1372.29 1.561057e+18
1375.63 1.562422e+18
1378.96 1.563791e+18
1382.30 1.565575e+18
1385.64 1.567546e+18
1388.98 1.569523e+18
1392.32 1.571504e+18
1395.66 1.573489e+18
1399.00 1.575480e+18
1402.34 1.577475e+18
1405.68 1.579475e+18
1409.02 1.581480e+18
1412.35 1.583490e+18
1415.69 1.585504e+18
1419.03 1.587524e+18
1422.37 1.589549e+18
1425.71 1.591578e+18
1429.05 1.593613e+18
1432.39 1.595652e+18
1435.73 1.597697e+18
1439.07 1.599747e+18
1442.40 1.601801e+18
1445.74 1.603861e+18
1449.08 1.605926e+18
1452.42 1.607997e+18
1455.76 1.610072e+18
1459.10 1.612153e+18
1462.44 1.614239e+18
1465.78 1.616330e+18
1469.12 1.618426e+18
1472.45 1.620528e+18
1475.79 1.622636e+18
1479.13 1.624748e+18
1482.47 1.626866e+18
1485.81 1.628989e+18
1489.15 1.631118e+18
1492.49 1.633253e+18
1495.83 1.635393e+18
1499.17 1.637538e+18
1502.50 1.639689e+18
1505.84 1.641845e+18
1509.18 1.644007e+18
1512.52 1.646175e+18
1515.86 1.648349e+18
1519.20 1.650528e+18
1522.54 1.652712e+18
1525.88 1.654903e+18
1529.22 1.657099e+18
1532.55 1.659301e+18
1535.89 1.661509e+18
1539.23 1.663722e+18
1542.57 1.665942e+18
1545.91 1.668167e+18
1549.25 1.670398e+18
1552.59 1.672643e+18
1555.93 1.675040e+18
1559.27 1.677444e+18
1562.60 1.679854e+18
1565.94 1.682271e+18
1569.28 1.684695e+18
1572.62 1.687126e+18
1575.96 1.689563e+18
1579.30 1.692007e+18
1582.64 1.694458e+18
1585.98 1.696916e+18
1589.32 1.699381e+18
1592.65 1.701852e+18
1595.99 1.704331e+18
1599.33 1.706816e+18
1602.67 1.709308e+18
1606.01 1.711808e+18
1609.35 1.714314e+18
1612.69 1.717206e+18
1616.03 1.720497e+18
1619.37 1.723801e+18
1622.70 1.727120e+18
1626.04 1.730452e+18
1629.38 1.733797e+18
1632.72 1.737157e+18
1636.06 1.740531e+18
1639.40 1.743920e+18
1642.74 1.747322e+18
1646.08 1.750740e+18
1649.42 1.754171e+18
1652.75 1.757618e+18
1656.09 1.761079e+18
1659.43 1.764555e+18
1662.77 1.768047e+18
1666.11 1.771553e+18
1669.45 1.775075e+18
1672.79 1.778612e+18
1676.13 1.782165e+18
1679.47 1.785734e+18
1682.80 1.789318e+18
1686.14 1.792919e+18
1689.48 1.796535e+18
1692.82 1.800168e+18
1696.16 1.803817e+18
1699.50 1.807482e+18
1702.84 1.811164e+18
1706.18 1.814863e+18
1709.52 1.818579e+18
1712.85 1.822312e+18
1716.19 1.826062e+18
1719.53 1.829830e+18
1722.87 1.833614e+18
1726.21 1.837417e+18
1729.55 1.841237e+18
1732.89 1.845060e+18
1736.23 1.848722e+18
1739.57 1.852401e+18
1742.90 1.856098e+18
1746.24 1.859813e+18
1749.58 1.863546e+18
1752.92 1.867297e+18
1756.26 1.871067e+18
1759.60 1.874855e+18
1762.94 1.878662e+18
1766.28 1.882487e+18
1769.62 1.886332e+18
1772.95 1.890195e+18
1776.29 1.894078e+18
1779.63 1.897981e+18
1782.97 1.901904e+18
1786.31 1.905846e+18
1789.65 1.909808e+18
1792.99 1.913791e+18
1796.33 1.917795e+18
1799.67 1.921819e+18
1803.01 1.925864e+18
1806.34 1.929930e+18
1809.68 1.934018e+18
1813.02 1.938127e+18
1816.36 1.941276e+18
1819.70 1.944208e+18
1823.04 1.947148e+18
1826.38 1.950097e+18
1829.72 1.953055e+18
1833.06 1.956021e+18
1836.39 1.958997e+18
1839.73 1.961982e+18
1843.07 1.964975e+18
1846.41 1.967978e+18
1849.75 1.970990e+18
1853.09 1.974010e+18
1856.43 1.977040e+18
1859.77 1.980079e+18
1863.11 1.983128e+18
1866.44 1.986185e+18
1869.78 1.989252e+18
1873.12 1.992328e+18
1876.46 1.995413e+18
1879.80 1.998508e+18
1883.14 2.001611e+18
1886.48 2.004725e+18
1889.82 2.007848e+18
1893.16 2.010980e+18
1896.49 2.014122e+18
1899.83 2.017273e+18
1903.17 2.020434e+18
1906.51 2.023604e+18
1909.85 2.026784e+18
1913.19 2.029974e+18
1916.53 2.033093e+18
1919.87 2.036188e+18
1923.21 2.039293e+18
1926.54 2.042407e+18
1929.88 2.045531e+18
1933.22 2.048664e+18
1936.56 2.051807e+18
1939.90 2.054959e+18
1943.24 2.058121e+18
1946.58 2.061292e+18
1949.92 2.064474e+18
1953.26 2.067665e+18
1956.59 2.070865e+18
1959.93 2.074076e+18
1963.27 2.077296e+18
1966.61 2.080526e+18
1969.95 2.083766e+18
1973.29 2.087016e+18
1976.63 2.090276e+18
1979.97 2.093546e+18
1983.31 2.096826e+18
1986.64 2.100117e+18
1989.98 2.103417e+18
1993.32 2.106727e+18
1996.66 2.110048e+18
2000.00 2.113295e+18
