# material: nickel 
# phonon heat capacity (DFT calculation spin resolved) 
# temperature [K], heat capacity [J/(m^3K)] 
0001.67 3.473521e+01
0005.01 3.471742e+02
0008.35 1.547848e+03
0011.69 4.336332e+03
0015.03 9.711265e+03
0018.36 1.920455e+04
0021.70 3.491454e+04
0025.04 5.919001e+04
0028.38 9.409008e+04
0031.72 1.409337e+05
0035.06 2.001125e+05
0038.40 2.711460e+05
0041.74 3.528776e+05
0045.08 4.437136e+05
0048.41 5.418457e+05
0051.75 6.454274e+05
0055.09 7.526988e+05
0058.43 8.620643e+05
0061.77 9.721330e+05
0065.11 1.081732e+06
0068.45 1.189903e+06
0071.79 1.295884e+06
0075.13 1.399091e+06
0078.46 1.499090e+06
0081.80 1.595578e+06
0085.14 1.688360e+06
0088.48 1.777324e+06
0091.82 1.862431e+06
0095.16 1.943695e+06
0098.50 2.021173e+06
0101.84 2.094951e+06
0105.18 2.165141e+06
0108.51 2.231869e+06
0111.85 2.295274e+06
0115.19 2.355499e+06
0118.53 2.412691e+06
0121.87 2.466997e+06
0125.21 2.518563e+06
0128.55 2.567531e+06
0131.89 2.614040e+06
0135.23 2.658221e+06
0138.56 2.700204e+06
0141.90 2.740110e+06
0145.24 2.778054e+06
0148.58 2.814148e+06
0151.92 2.848495e+06
0155.26 2.881193e+06
0158.60 2.912336e+06
0161.94 2.942011e+06
0165.28 2.970300e+06
0168.61 2.997282e+06
0171.95 3.023028e+06
0175.29 3.047607e+06
0178.63 3.071083e+06
0181.97 3.093517e+06
0185.31 3.114966e+06
0188.65 3.135483e+06
0191.99 3.155117e+06
0195.33 3.173916e+06
0198.66 3.191924e+06
0202.00 3.209182e+06
0205.34 3.225729e+06
0208.68 3.241602e+06
0212.02 3.256835e+06
0215.36 3.271461e+06
0218.70 3.285510e+06
0222.04 3.299010e+06
0225.38 3.311990e+06
0228.71 3.324473e+06
0232.05 3.336485e+06
0235.39 3.348048e+06
0238.73 3.359183e+06
0242.07 3.369910e+06
0245.41 3.380249e+06
0248.75 3.390216e+06
0252.09 3.399831e+06
0255.43 3.409107e+06
0258.76 3.418061e+06
0262.10 3.426706e+06
0265.44 3.435058e+06
0268.78 3.443127e+06
0272.12 3.450927e+06
0275.46 3.458469e+06
0278.80 3.465764e+06
0282.14 3.472823e+06
0285.48 3.479655e+06
0288.81 3.486270e+06
0292.15 3.492676e+06
0295.49 3.498882e+06
0298.83 3.504897e+06
0302.17 3.510727e+06
0305.51 3.516381e+06
0308.85 3.521865e+06
0312.19 3.527185e+06
0315.53 3.532348e+06
0318.86 3.537361e+06
0322.20 3.542228e+06
0325.54 3.546955e+06
0328.88 3.551548e+06
0332.22 3.556011e+06
0335.56 3.560349e+06
0338.90 3.564567e+06
0342.24 3.568669e+06
0345.58 3.572659e+06
0348.91 3.576541e+06
0352.25 3.580319e+06
0355.59 3.583997e+06
0358.93 3.587578e+06
0362.27 3.591065e+06
0365.61 3.594462e+06
0368.95 3.597771e+06
0372.29 3.600996e+06
0375.63 3.604139e+06
0378.96 3.607203e+06
0382.30 3.610191e+06
0385.64 3.613106e+06
0388.98 3.615948e+06
0392.32 3.618722e+06
0395.66 3.621428e+06
0399.00 3.624070e+06
0402.34 3.626649e+06
0405.68 3.629167e+06
0409.02 3.631626e+06
0412.35 3.634028e+06
0415.69 3.636374e+06
0419.03 3.638666e+06
0422.37 3.640907e+06
0425.71 3.643097e+06
0429.05 3.645237e+06
0432.39 3.647331e+06
0435.73 3.649377e+06
0439.07 3.651379e+06
0442.40 3.653338e+06
0445.74 3.655253e+06
0449.08 3.657128e+06
0452.42 3.658963e+06
0455.76 3.660759e+06
0459.10 3.662517e+06
0462.44 3.664238e+06
0465.78 3.665923e+06
0469.12 3.667574e+06
0472.45 3.669191e+06
0475.79 3.670775e+06
0479.13 3.672327e+06
0482.47 3.673847e+06
0485.81 3.675338e+06
0489.15 3.676798e+06
0492.49 3.678230e+06
0495.83 3.679634e+06
0499.17 3.681011e+06
0502.50 3.682361e+06
0505.84 3.683685e+06
0509.18 3.684983e+06
0512.52 3.686257e+06
0515.86 3.687507e+06
0519.20 3.688734e+06
0522.54 3.689937e+06
0525.88 3.691119e+06
0529.22 3.692278e+06
0532.55 3.693417e+06
0535.89 3.694534e+06
0539.23 3.695632e+06
0542.57 3.696709e+06
0545.91 3.697768e+06
0549.25 3.698807e+06
0552.59 3.699829e+06
0555.93 3.700832e+06
0559.27 3.701818e+06
0562.60 3.702786e+06
0565.94 3.703738e+06
0569.28 3.704673e+06
0572.62 3.705593e+06
0575.96 3.706497e+06
0579.30 3.707385e+06
0582.64 3.708259e+06
0585.98 3.709118e+06
0589.32 3.709963e+06
0592.65 3.710794e+06
0595.99 3.711611e+06
0599.33 3.712415e+06
0602.67 3.713205e+06
0606.01 3.713983e+06
0609.35 3.714749e+06
0612.69 3.715502e+06
0616.03 3.716243e+06
0619.37 3.716972e+06
0622.70 3.717690e+06
0626.04 3.718397e+06
0629.38 3.719093e+06
0632.72 3.719777e+06
0636.06 3.720452e+06
0639.40 3.721115e+06
0642.74 3.721769e+06
0646.08 3.722413e+06
0649.42 3.723047e+06
0652.75 3.723671e+06
0656.09 3.724286e+06
0659.43 3.724892e+06
0662.77 3.725489e+06
0666.11 3.726077e+06
0669.45 3.726657e+06
0672.79 3.727228e+06
0676.13 3.727790e+06
0679.47 3.728345e+06
0682.80 3.728891e+06
0686.14 3.729430e+06
0689.48 3.729961e+06
0692.82 3.730484e+06
0696.16 3.731000e+06
0699.50 3.731509e+06
0702.84 3.732011e+06
0706.18 3.732505e+06
0709.52 3.732993e+06
0712.85 3.733474e+06
0716.19 3.733948e+06
0719.53 3.734416e+06
0722.87 3.734878e+06
0726.21 3.735333e+06
0729.55 3.735782e+06
0732.89 3.736225e+06
0736.23 3.736662e+06
0739.57 3.737093e+06
0742.90 3.737519e+06
0746.24 3.737939e+06
0749.58 3.738353e+06
0752.92 3.738762e+06
0756.26 3.739165e+06
0759.60 3.739564e+06
0762.94 3.739957e+06
0766.28 3.740345e+06
0769.62 3.740728e+06
0772.95 3.741106e+06
0776.29 3.741479e+06
0779.63 3.741848e+06
0782.97 3.742212e+06
0786.31 3.742571e+06
0789.65 3.742926e+06
0792.99 3.743277e+06
0796.33 3.743623e+06
0799.67 3.743965e+06
0803.01 3.744302e+06
0806.34 3.744636e+06
0809.68 3.744965e+06
0813.02 3.745291e+06
0816.36 3.745612e+06
0819.70 3.745930e+06
0823.04 3.746244e+06
0826.38 3.746554e+06
0829.72 3.746860e+06
0833.06 3.747163e+06
0836.39 3.747462e+06
0839.73 3.747757e+06
0843.07 3.748049e+06
0846.41 3.748338e+06
0849.75 3.748623e+06
0853.09 3.748905e+06
0856.43 3.749184e+06
0859.77 3.749459e+06
0863.11 3.749732e+06
0866.44 3.750001e+06
0869.78 3.750267e+06
0873.12 3.750530e+06
0876.46 3.750791e+06
0879.80 3.751048e+06
0883.14 3.751302e+06
0886.48 3.751554e+06
0889.82 3.751802e+06
0893.16 3.752048e+06
0896.49 3.752291e+06
0899.83 3.752532e+06
0903.17 3.752770e+06
0906.51 3.753005e+06
0909.85 3.753238e+06
0913.19 3.753468e+06
0916.53 3.753696e+06
0919.87 3.753921e+06
0923.21 3.754144e+06
0926.54 3.754364e+06
0929.88 3.754583e+06
0933.22 3.754798e+06
0936.56 3.755012e+06
0939.90 3.755223e+06
0943.24 3.755432e+06
0946.58 3.755639e+06
0949.92 3.755844e+06
0953.26 3.756046e+06
0956.59 3.756247e+06
0959.93 3.756445e+06
0963.27 3.756641e+06
0966.61 3.756836e+06
0969.95 3.757028e+06
0973.29 3.757218e+06
0976.63 3.757407e+06
0979.97 3.757593e+06
0983.31 3.757778e+06
0986.64 3.757961e+06
0989.98 3.758142e+06
0993.32 3.758321e+06
0996.66 3.758498e+06
1000.00 3.758674e+06
1003.34 3.758847e+06
1006.68 3.759020e+06
1010.02 3.759190e+06
1013.36 3.759359e+06
1016.69 3.759526e+06
1020.03 3.759691e+06
1023.37 3.759855e+06
1026.71 3.760017e+06
1030.05 3.760178e+06
1033.39 3.760337e+06
1036.73 3.760495e+06
1040.07 3.760651e+06
1043.41 3.760806e+06
1046.74 3.760959e+06
1050.08 3.761111e+06
1053.42 3.761261e+06
1056.76 3.761410e+06
1060.10 3.761557e+06
1063.44 3.761704e+06
1066.78 3.761848e+06
1070.12 3.761992e+06
1073.46 3.762134e+06
1076.79 3.762275e+06
1080.13 3.762414e+06
1083.47 3.762552e+06
1086.81 3.762689e+06
1090.15 3.762825e+06
1093.49 3.762959e+06
1096.83 3.763093e+06
1100.17 3.763225e+06
1103.51 3.763355e+06
1106.84 3.763485e+06
1110.18 3.763614e+06
1113.52 3.763741e+06
1116.86 3.763867e+06
1120.20 3.763992e+06
1123.54 3.764116e+06
1126.88 3.764239e+06
1130.22 3.764361e+06
1133.56 3.764482e+06
1136.89 3.764601e+06
1140.23 3.764720e+06
1143.57 3.764838e+06
1146.91 3.764954e+06
1150.25 3.765070e+06
1153.59 3.765184e+06
1156.93 3.765298e+06
1160.27 3.765411e+06
1163.61 3.765522e+06
1166.94 3.765633e+06
1170.28 3.765743e+06
1173.62 3.765852e+06
1176.96 3.765959e+06
1180.30 3.766066e+06
1183.64 3.766173e+06
1186.98 3.766278e+06
1190.32 3.766382e+06
1193.66 3.766486e+06
1196.99 3.766588e+06
1200.33 3.766690e+06
1203.67 3.766791e+06
1207.01 3.766891e+06
1210.35 3.766990e+06
1213.69 3.767089e+06
1217.03 3.767186e+06
1220.37 3.767283e+06
1223.71 3.767379e+06
1227.05 3.767474e+06
1230.38 3.767569e+06
1233.72 3.767663e+06
1237.06 3.767756e+06
1240.40 3.767848e+06
1243.74 3.767939e+06
1247.08 3.768030e+06
1250.42 3.768120e+06
1253.76 3.768209e+06
1257.10 3.768298e+06
1260.43 3.768386e+06
1263.77 3.768473e+06
1267.11 3.768560e+06
1270.45 3.768646e+06
1273.79 3.768731e+06
1277.13 3.768815e+06
1280.47 3.768899e+06
1283.81 3.768982e+06
1287.15 3.769065e+06
1290.48 3.769147e+06
1293.82 3.769228e+06
1297.16 3.769309e+06
1300.50 3.769389e+06
1303.84 3.769468e+06
1307.18 3.769547e+06
1310.52 3.769625e+06
1313.86 3.769703e+06
1317.20 3.769780e+06
1320.53 3.769857e+06
1323.87 3.769933e+06
1327.21 3.770008e+06
1330.55 3.770083e+06
1333.89 3.770157e+06
1337.23 3.770231e+06
1340.57 3.770304e+06
1343.91 3.770376e+06
1347.25 3.770448e+06
1350.58 3.770520e+06
1353.92 3.770591e+06
1357.26 3.770661e+06
1360.60 3.770731e+06
1363.94 3.770801e+06
1367.28 3.770869e+06
1370.62 3.770938e+06
1373.96 3.771006e+06
1377.30 3.771073e+06
1380.63 3.771140e+06
1383.97 3.771207e+06
1387.31 3.771273e+06
1390.65 3.771338e+06
1393.99 3.771403e+06
1397.33 3.771468e+06
1400.67 3.771532e+06
1404.01 3.771596e+06
1407.35 3.771659e+06
1410.68 3.771722e+06
1414.02 3.771784e+06
1417.36 3.771846e+06
1420.70 3.771907e+06
1424.04 3.771968e+06
1427.38 3.772029e+06
1430.72 3.772089e+06
1434.06 3.772149e+06
1437.40 3.772208e+06
1440.73 3.772267e+06
1444.07 3.772326e+06
1447.41 3.772384e+06
1450.75 3.772441e+06
1454.09 3.772499e+06
1457.43 3.772556e+06
1460.77 3.772612e+06
1464.11 3.772668e+06
1467.45 3.772724e+06
1470.78 3.772779e+06
1474.12 3.772834e+06
1477.46 3.772889e+06
1480.80 3.772943e+06
1484.14 3.772997e+06
1487.48 3.773051e+06
1490.82 3.773104e+06
1494.16 3.773157e+06
1497.50 3.773209e+06
1500.83 3.773262e+06
1504.17 3.773313e+06
1507.51 3.773365e+06
1510.85 3.773416e+06
1514.19 3.773467e+06
1517.53 3.773517e+06
1520.87 3.773567e+06
1524.21 3.773617e+06
1527.55 3.773666e+06
1530.88 3.773716e+06
1534.22 3.773764e+06
1537.56 3.773813e+06
1540.90 3.773861e+06
1544.24 3.773909e+06
1547.58 3.773957e+06
1550.92 3.774004e+06
1554.26 3.774051e+06
1557.60 3.774097e+06
1560.93 3.774144e+06
1564.27 3.774190e+06
1567.61 3.774236e+06
1570.95 3.774281e+06
1574.29 3.774326e+06
1577.63 3.774371e+06
1580.97 3.774416e+06
1584.31 3.774460e+06
1587.65 3.774504e+06
1590.98 3.774548e+06
1594.32 3.774591e+06
1597.66 3.774635e+06
1601.00 3.774678e+06
1604.34 3.774720e+06
1607.68 3.774763e+06
1611.02 3.774805e+06
1614.36 3.774847e+06
1617.70 3.774889e+06
1621.04 3.774930e+06
1624.37 3.774971e+06
1627.71 3.775012e+06
1631.05 3.775053e+06
1634.39 3.775093e+06
1637.73 3.775133e+06
1641.07 3.775173e+06
1644.41 3.775213e+06
1647.75 3.775252e+06
1651.09 3.775291e+06
1654.42 3.775330e+06
1657.76 3.775369e+06
1661.10 3.775407e+06
1664.44 3.775446e+06
1667.78 3.775484e+06
1671.12 3.775521e+06
1674.46 3.775559e+06
1677.80 3.775596e+06
1681.14 3.775634e+06
1684.47 3.775670e+06
1687.81 3.775707e+06
1691.15 3.775744e+06
1694.49 3.775780e+06
1697.83 3.775816e+06
1701.17 3.775852e+06
1704.51 3.775887e+06
1707.85 3.775923e+06
1711.19 3.775958e+06
1714.52 3.775993e+06
1717.86 3.776028e+06
1721.20 3.776062e+06
1724.54 3.776097e+06
1727.88 3.776131e+06
1731.22 3.776165e+06
1734.56 3.776199e+06
1737.90 3.776232e+06
1741.24 3.776266e+06
1744.57 3.776299e+06
1747.91 3.776332e+06
1751.25 3.776365e+06
1754.59 3.776397e+06
1757.93 3.776430e+06
1761.27 3.776462e+06
1764.61 3.776494e+06
1767.95 3.776526e+06
1771.29 3.776558e+06
1774.62 3.776590e+06
1777.96 3.776621e+06
1781.30 3.776652e+06
1784.64 3.776683e+06
1787.98 3.776714e+06
1791.32 3.776745e+06
1794.66 3.776775e+06
1798.00 3.776806e+06
1801.34 3.776836e+06
1804.67 3.776866e+06
1808.01 3.776896e+06
1811.35 3.776925e+06
1814.69 3.776955e+06
1818.03 3.776984e+06
1821.37 3.777013e+06
1824.71 3.777042e+06
1828.05 3.777071e+06
1831.39 3.777100e+06
1834.72 3.777129e+06
1838.06 3.777157e+06
1841.40 3.777185e+06
1844.74 3.777213e+06
1848.08 3.777241e+06
1851.42 3.777269e+06
1854.76 3.777297e+06
1858.10 3.777324e+06
1861.44 3.777352e+06
1864.77 3.777379e+06
1868.11 3.777406e+06
1871.45 3.777433e+06
1874.79 3.777460e+06
1878.13 3.777486e+06
1881.47 3.777513e+06
1884.81 3.777539e+06
1888.15 3.777565e+06
1891.49 3.777591e+06
1894.82 3.777617e+06
1898.16 3.777643e+06
1901.50 3.777669e+06
1904.84 3.777694e+06
1908.18 3.777720e+06
1911.52 3.777745e+06
1914.86 3.777770e+06
1918.20 3.777795e+06
1921.54 3.777820e+06
1924.87 3.777845e+06
1928.21 3.777869e+06
1931.55 3.777894e+06
1934.89 3.777918e+06
1938.23 3.777942e+06
1941.57 3.777966e+06
1944.91 3.777990e+06
1948.25 3.778014e+06
1951.59 3.778038e+06
1954.92 3.778062e+06
1958.26 3.778085e+06
1961.60 3.778109e+06
1964.94 3.778132e+06
1968.28 3.778155e+06
1971.62 3.778178e+06
1974.96 3.778201e+06
1978.30 3.778224e+06
1981.64 3.778246e+06
1984.97 3.778269e+06
1988.31 3.778291e+06
1991.65 3.778314e+06
1994.99 3.778336e+06
1998.33 3.778358e+06
