# material: nickel 
# electron-phonon coupling parameter G_ep, sum of majority and minority contributions (DFT calculation spin resolved) 
# temperature [K], g_ep [W/(m^3K)] 
0000.00 9.592417e+17
0003.34 9.704127e+17
0006.68 9.824541e+17
0010.02 9.947417e+17
0013.36 1.007273e+18
0016.69 1.020091e+18
0020.03 1.033209e+18
0023.37 1.046625e+18
0026.71 1.060321e+18
0030.05 1.074264e+18
0033.39 1.088404e+18
0036.73 1.102680e+18
0040.07 1.117025e+18
0043.41 1.131367e+18
0046.74 1.145638e+18
0050.08 1.159774e+18
0053.42 1.173720e+18
0056.76 1.187427e+18
0060.10 1.200856e+18
0063.44 1.213976e+18
0066.78 1.226763e+18
0070.12 1.239201e+18
0073.46 1.251279e+18
0076.79 1.262991e+18
0080.13 1.274337e+18
0083.47 1.285319e+18
0086.81 1.295940e+18
0090.15 1.306209e+18
0093.49 1.316134e+18
0096.83 1.325724e+18
0100.17 1.334991e+18
0103.51 1.343946e+18
0106.84 1.352600e+18
0110.18 1.360965e+18
0113.52 1.369053e+18
0116.86 1.376875e+18
0120.20 1.384443e+18
0123.54 1.391767e+18
0126.88 1.398860e+18
0130.22 1.405730e+18
0133.56 1.412388e+18
0136.89 1.418844e+18
0140.23 1.425108e+18
0143.57 1.431186e+18
0146.91 1.437090e+18
0150.25 1.442825e+18
0153.59 1.448401e+18
0156.93 1.453825e+18
0160.27 1.459103e+18
0163.61 1.464242e+18
0166.94 1.469250e+18
0170.28 1.474131e+18
0173.62 1.478892e+18
0176.96 1.483538e+18
0180.30 1.488075e+18
0183.64 1.492508e+18
0186.98 1.496842e+18
0190.32 1.501080e+18
0193.66 1.505229e+18
0196.99 1.509291e+18
0200.33 1.513272e+18
0203.67 1.517174e+18
0207.01 1.521002e+18
0210.35 1.524760e+18
0213.69 1.528450e+18
0217.03 1.532076e+18
0220.37 1.535641e+18
0223.71 1.539148e+18
0227.05 1.542600e+18
0230.38 1.546000e+18
0233.72 1.549350e+18
0237.06 1.552653e+18
0240.40 1.555912e+18
0243.74 1.559128e+18
0247.08 1.562304e+18
0250.42 1.565443e+18
0253.76 1.568545e+18
0257.10 1.571614e+18
0260.43 1.574650e+18
0263.77 1.577657e+18
0267.11 1.580635e+18
0270.45 1.583586e+18
0273.79 1.586512e+18
0277.13 1.589413e+18
0280.47 1.592293e+18
0283.81 1.595152e+18
0287.15 1.597991e+18
0290.48 1.600811e+18
0293.82 1.603614e+18
0297.16 1.606401e+18
0300.50 1.609173e+18
0303.84 1.611931e+18
0307.18 1.614675e+18
0310.52 1.617407e+18
0313.86 1.620128e+18
0317.20 1.622838e+18
0320.53 1.625538e+18
0323.87 1.628229e+18
0327.21 1.630911e+18
0330.55 1.633585e+18
0333.89 1.636252e+18
0337.23 1.638912e+18
0340.57 1.641566e+18
0343.91 1.644213e+18
0347.25 1.646856e+18
0350.58 1.649493e+18
0353.92 1.652125e+18
0357.26 1.654753e+18
0360.60 1.657376e+18
0363.94 1.659996e+18
0367.28 1.662612e+18
0370.62 1.665225e+18
0373.96 1.667834e+18
0377.30 1.670440e+18
0380.63 1.673044e+18
0383.97 1.675644e+18
0387.31 1.678241e+18
0390.65 1.680836e+18
0393.99 1.683428e+18
0397.33 1.686017e+18
0400.67 1.688604e+18
0404.01 1.691188e+18
0407.35 1.693769e+18
0410.68 1.696348e+18
0414.02 1.698923e+18
0417.36 1.701496e+18
0420.70 1.704066e+18
0424.04 1.706633e+18
0427.38 1.709197e+18
0430.72 1.711757e+18
0434.06 1.714314e+18
0437.40 1.716868e+18
0440.73 1.719418e+18
0444.07 1.721964e+18
0447.41 1.724506e+18
0450.75 1.727044e+18
0454.09 1.729578e+18
0457.43 1.732108e+18
0460.77 1.734632e+18
0464.11 1.737153e+18
0467.45 1.739668e+18
0470.78 1.742177e+18
0474.12 1.744682e+18
0477.46 1.747181e+18
0480.80 1.749674e+18
0484.14 1.752161e+18
0487.48 1.754642e+18
0490.82 1.757117e+18
0494.16 1.759585e+18
0497.50 1.762047e+18
0500.83 1.764501e+18
0504.17 1.766948e+18
0507.51 1.769388e+18
0510.85 1.771820e+18
0514.19 1.774245e+18
0517.53 1.776661e+18
0520.87 1.779070e+18
0524.21 1.781470e+18
0527.55 1.783861e+18
0530.88 1.786244e+18
0534.22 1.788617e+18
0537.56 1.790982e+18
0540.90 1.793337e+18
0544.24 1.795682e+18
0547.58 1.798018e+18
0550.92 1.800344e+18
0554.26 1.802660e+18
0557.60 1.804966e+18
0560.93 1.807261e+18
0564.27 1.809546e+18
0567.61 1.811820e+18
0570.95 1.814083e+18
0574.29 1.816335e+18
0577.63 1.818576e+18
0580.97 1.820806e+18
0584.31 1.823024e+18
0587.65 1.825230e+18
0590.98 1.827424e+18
0594.32 1.829607e+18
0597.66 1.831777e+18
0601.00 1.833936e+18
0604.34 1.836082e+18
0607.68 1.838215e+18
0611.02 1.840336e+18
0614.36 1.842444e+18
0617.70 1.844540e+18
0621.04 1.846622e+18
0624.37 1.848692e+18
0627.71 1.850748e+18
0631.05 1.852792e+18
0634.39 1.854821e+18
0637.73 1.856838e+18
0641.07 1.858841e+18
0644.41 1.860831e+18
0647.75 1.862807e+18
0651.09 1.864769e+18
0654.42 1.866717e+18
0657.76 1.868652e+18
0661.10 1.870573e+18
0664.44 1.872479e+18
0667.78 1.874372e+18
0671.12 1.876251e+18
0674.46 1.878115e+18
0677.80 1.879966e+18
0681.14 1.881802e+18
0684.47 1.883623e+18
0687.81 1.885431e+18
0691.15 1.887224e+18
0694.49 1.889003e+18
0697.83 1.890767e+18
0701.17 1.892517e+18
0704.51 1.894253e+18
0707.85 1.895974e+18
0711.19 1.897680e+18
0714.52 1.899372e+18
0717.86 1.901050e+18
0721.20 1.902713e+18
0724.54 1.904361e+18
0727.88 1.905995e+18
0731.22 1.907614e+18
0734.56 1.909219e+18
0737.90 1.910809e+18
0741.24 1.912384e+18
0744.57 1.913946e+18
0747.91 1.915492e+18
0751.25 1.917024e+18
0754.59 1.918541e+18
0757.93 1.920044e+18
0761.27 1.921533e+18
0764.61 1.923007e+18
0767.95 1.924466e+18
0771.29 1.925912e+18
0774.62 1.927342e+18
0777.96 1.928759e+18
0781.30 1.930161e+18
0784.64 1.931548e+18
0787.98 1.932922e+18
0791.32 1.934281e+18
0794.66 1.935626e+18
0798.00 1.936957e+18
0801.34 1.938273e+18
0804.67 1.939576e+18
0808.01 1.940864e+18
0811.35 1.942139e+18
0814.69 1.943399e+18
0818.03 1.944646e+18
0821.37 1.945878e+18
0824.71 1.947097e+18
0828.05 1.948302e+18
0831.39 1.949493e+18
0834.72 1.950670e+18
0838.06 1.951834e+18
0841.40 1.952984e+18
0844.74 1.954121e+18
0848.08 1.955244e+18
0851.42 1.956354e+18
0854.76 1.957450e+18
0858.10 1.958533e+18
0861.44 1.959603e+18
0864.77 1.960660e+18
0868.11 1.961703e+18
0871.45 1.962734e+18
0874.79 1.963751e+18
0878.13 1.964755e+18
0881.47 1.965746e+18
0884.81 1.966725e+18
0888.15 1.967691e+18
0891.49 1.968644e+18
0894.82 1.969584e+18
0898.16 1.970512e+18
0901.50 1.971427e+18
0904.84 1.972330e+18
0908.18 1.973363e+18
0911.52 1.974387e+18
0914.86 1.975400e+18
0918.20 1.976400e+18
0921.54 1.977388e+18
0924.87 1.978364e+18
0928.21 1.979328e+18
0931.55 1.980280e+18
0934.89 1.981221e+18
0938.23 1.982149e+18
0941.57 1.983066e+18
0944.91 1.983971e+18
0948.25 1.984865e+18
0951.59 1.985747e+18
0954.92 1.986618e+18
0958.26 1.987477e+18
0961.60 1.988325e+18
0964.94 1.989161e+18
0968.28 1.989987e+18
0971.62 1.990801e+18
0974.96 1.991604e+18
0978.30 1.992397e+18
0981.64 1.993178e+18
0984.97 1.993948e+18
0988.31 1.994708e+18
0991.65 1.995456e+18
0994.99 1.996195e+18
0998.33 1.996922e+18
1001.67 1.997639e+18
1005.01 1.998345e+18
1008.35 1.999041e+18
1011.69 1.999727e+18
1015.03 2.000402e+18
1018.36 2.001067e+18
1021.70 2.001722e+18
1025.04 2.002367e+18
1028.38 2.003002e+18
1031.72 2.003627e+18
1035.06 2.004242e+18
1038.40 2.004847e+18
1041.74 2.005442e+18
1045.08 2.006027e+18
1048.41 2.006603e+18
1051.75 2.007170e+18
1055.09 2.007726e+18
1058.43 2.008274e+18
1061.77 2.008812e+18
1065.11 2.009340e+18
1068.45 2.009860e+18
1071.79 2.010370e+18
1075.13 2.010871e+18
1078.46 2.011363e+18
1081.80 2.011845e+18
1085.14 2.012319e+18
1088.48 2.012784e+18
1091.82 2.013240e+18
1095.16 2.013688e+18
1098.50 2.014127e+18
1101.84 2.014557e+18
1105.18 2.014978e+18
1108.51 2.015391e+18
1111.85 2.015796e+18
1115.19 2.016192e+18
1118.53 2.016579e+18
1121.87 2.016959e+18
1125.21 2.017330e+18
1128.55 2.017693e+18
1131.89 2.018048e+18
1135.23 2.018395e+18
1138.56 2.018734e+18
1141.90 2.019065e+18
1145.24 2.019388e+18
1148.58 2.019704e+18
1151.92 2.020011e+18
1155.26 2.020311e+18
1158.60 2.020603e+18
1161.94 2.020888e+18
1165.28 2.021165e+18
1168.61 2.021435e+18
1171.95 2.021697e+18
1175.29 2.021952e+18
1178.63 2.022200e+18
1181.97 2.022440e+18
1185.31 2.022673e+18
1188.65 2.022900e+18
1191.99 2.023119e+18
1195.33 2.023331e+18
1198.66 2.023536e+18
1202.00 2.023734e+18
1205.34 2.023925e+18
1208.68 2.024110e+18
1212.02 2.024287e+18
1215.36 2.024458e+18
1218.70 2.024623e+18
1222.04 2.024780e+18
1225.38 2.024932e+18
1228.71 2.025076e+18
1232.05 2.025215e+18
1235.39 2.025347e+18
1238.73 2.025472e+18
1242.07 2.025592e+18
1245.41 2.025705e+18
1248.75 2.025811e+18
1252.09 2.025912e+18
1255.43 2.026007e+18
1258.76 2.026095e+18
1262.10 2.026178e+18
1265.44 2.026255e+18
1268.78 2.026326e+18
1272.12 2.026391e+18
1275.46 2.026450e+18
1278.80 2.026503e+18
1282.14 2.026551e+18
1285.48 2.026593e+18
1288.81 2.026629e+18
1292.15 2.026660e+18
1295.49 2.026686e+18
1298.83 2.026705e+18
1302.17 2.026720e+18
1305.51 2.026729e+18
1308.85 2.026733e+18
1312.19 2.026731e+18
1315.53 2.026724e+18
1318.86 2.026712e+18
1322.20 2.026695e+18
1325.54 2.026673e+18
1328.88 2.026646e+18
1332.22 2.026613e+18
1335.56 2.026576e+18
1338.90 2.026534e+18
1342.24 2.026487e+18
1345.58 2.026434e+18
1348.91 2.026378e+18
1352.25 2.026316e+18
1355.59 2.026250e+18
1358.93 2.026179e+18
1362.27 2.026103e+18
1365.61 2.026022e+18
1368.95 2.025938e+18
1372.29 2.025848e+18
1375.63 2.025754e+18
1378.96 2.025656e+18
1382.30 2.025553e+18
1385.64 2.025446e+18
1388.98 2.025334e+18
1392.32 2.025218e+18
1395.66 2.025098e+18
1399.00 2.024974e+18
1402.34 2.024845e+18
1405.68 2.024713e+18
1409.02 2.024576e+18
1412.35 2.024435e+18
1415.69 2.024290e+18
1419.03 2.024141e+18
1422.37 2.023988e+18
1425.71 2.023832e+18
1429.05 2.023671e+18
1432.39 2.023506e+18
1435.73 2.023338e+18
1439.07 2.023166e+18
1442.40 2.022990e+18
1445.74 2.022810e+18
1449.08 2.022627e+18
1452.42 2.022440e+18
1455.76 2.022249e+18
1459.10 2.022055e+18
1462.44 2.021857e+18
1465.78 2.021656e+18
1469.12 2.021451e+18
1472.45 2.021243e+18
1475.79 2.021031e+18
1479.13 2.020816e+18
1482.47 2.020598e+18
1485.81 2.020376e+18
1489.15 2.020151e+18
1492.49 2.019923e+18
1495.83 2.019691e+18
1499.17 2.019457e+18
1502.50 2.019219e+18
1505.84 2.018978e+18
1509.18 2.018733e+18
1512.52 2.018486e+18
1515.86 2.018236e+18
1519.20 2.017983e+18
1522.54 2.017726e+18
1525.88 2.017467e+18
1529.22 2.017205e+18
1532.55 2.016940e+18
1535.89 2.016672e+18
1539.23 2.016401e+18
1542.57 2.016127e+18
1545.91 2.015851e+18
1549.25 2.015571e+18
1552.59 2.015289e+18
1555.93 2.015005e+18
1559.27 2.014717e+18
1562.60 2.014427e+18
1565.94 2.014135e+18
1569.28 2.013839e+18
1572.62 2.013542e+18
1575.96 2.013241e+18
1579.30 2.012938e+18
1582.64 2.012633e+18
1585.98 2.012325e+18
1589.32 2.012015e+18
1592.65 2.011702e+18
1595.99 2.011366e+18
1599.33 2.011026e+18
1602.67 2.010684e+18
1606.01 2.010340e+18
1609.35 2.009993e+18
1612.69 2.009644e+18
1616.03 2.009294e+18
1619.37 2.008941e+18
1622.70 2.008586e+18
1626.04 2.008229e+18
1629.38 2.007870e+18
1632.72 2.007510e+18
1636.06 2.007147e+18
1639.40 2.006782e+18
1642.74 2.006415e+18
1646.08 2.006047e+18
1649.42 2.005677e+18
1652.75 2.005304e+18
1656.09 2.004930e+18
1659.43 2.004554e+18
1662.77 2.004177e+18
1666.11 2.003797e+18
1669.45 2.003416e+18
1672.79 2.003033e+18
1676.13 2.002649e+18
1679.47 2.002262e+18
1682.80 2.001875e+18
1686.14 2.001485e+18
1689.48 2.001094e+18
1692.82 2.000701e+18
1696.16 2.000307e+18
1699.50 1.999911e+18
1702.84 1.999514e+18
1706.18 1.999115e+18
1709.52 1.998715e+18
1712.85 1.998313e+18
1716.19 1.997909e+18
1719.53 1.997505e+18
1722.87 1.997099e+18
1726.21 1.996691e+18
1729.55 1.996282e+18
1732.89 1.995872e+18
1736.23 1.995461e+18
1739.57 1.995048e+18
1742.90 1.994634e+18
1746.24 1.994218e+18
1749.58 1.993801e+18
1752.92 1.993383e+18
1756.26 1.992964e+18
1759.60 1.992544e+18
1762.94 1.992122e+18
1766.28 1.991700e+18
1769.62 1.991276e+18
1772.95 1.990851e+18
1776.29 1.990425e+18
1779.63 1.989997e+18
1782.97 1.989569e+18
1786.31 1.989140e+18
1789.65 1.988709e+18
1792.99 1.988278e+18
1796.33 1.987845e+18
1799.67 1.987412e+18
1803.01 1.986977e+18
1806.34 1.986542e+18
1809.68 1.986105e+18
1813.02 1.985668e+18
1816.36 1.985230e+18
1819.70 1.984790e+18
1823.04 1.984350e+18
1826.38 1.983909e+18
1829.72 1.983468e+18
1833.06 1.983025e+18
1836.39 1.982581e+18
1839.73 1.982137e+18
1843.07 1.981692e+18
1846.41 1.981246e+18
1849.75 1.980799e+18
1853.09 1.980352e+18
1856.43 1.979904e+18
1859.77 1.979455e+18
1863.11 1.979005e+18
1866.44 1.978555e+18
1869.78 1.978104e+18
1873.12 1.977652e+18
1876.46 1.977200e+18
1879.80 1.976747e+18
1883.14 1.976293e+18
1886.48 1.975839e+18
1889.82 1.975384e+18
1893.16 1.974929e+18
1896.49 1.974473e+18
1899.83 1.974016e+18
1903.17 1.973559e+18
1906.51 1.973101e+18
1909.85 1.972643e+18
1913.19 1.972184e+18
1916.53 1.971725e+18
1919.87 1.971265e+18
1923.21 1.970805e+18
1926.54 1.970344e+18
1929.88 1.969883e+18
1933.22 1.969422e+18
1936.56 1.968960e+18
1939.90 1.968497e+18
1943.24 1.968034e+18
1946.58 1.967571e+18
1949.92 1.967108e+18
1953.26 1.966644e+18
1956.59 1.966179e+18
1959.93 1.965715e+18
1963.27 1.965250e+18
1966.61 1.964784e+18
1969.95 1.964318e+18
1973.29 1.963852e+18
1976.63 1.963386e+18
1979.97 1.962920e+18
1983.31 1.962453e+18
1986.64 1.961986e+18
1989.98 1.961518e+18
1993.32 1.961051e+18
1996.66 1.960583e+18
2000.00 1.960115e+18
