# material: nickel 
# electron-phonon coupling parameter G_ep (DFT calculation not spin resolved) 
# temperature [K], g_ep [W/(m^3K)] 
0000.00 1.759148e+18
0003.34 1.779318e+18
0006.68 1.799970e+18
0010.02 1.821166e+18
0013.36 1.843006e+18
0016.69 1.865607e+18
0020.03 1.889070e+18
0023.37 1.913471e+18
0026.71 1.938837e+18
0030.05 1.965143e+18
0033.39 1.992313e+18
0036.73 2.020233e+18
0040.07 2.048757e+18
0043.41 2.077726e+18
0046.74 2.106975e+18
0050.08 2.136341e+18
0053.42 2.165669e+18
0056.76 2.194820e+18
0060.10 2.223668e+18
0063.44 2.252103e+18
0066.78 2.280033e+18
0070.12 2.307380e+18
0073.46 2.334082e+18
0076.79 2.360090e+18
0080.13 2.385366e+18
0083.47 2.409884e+18
0086.81 2.433626e+18
0090.15 2.456583e+18
0093.49 2.478751e+18
0096.83 2.500133e+18
0100.17 2.520736e+18
0103.51 2.540571e+18
0106.84 2.559651e+18
0110.18 2.577994e+18
0113.52 2.595616e+18
0116.86 2.612537e+18
0120.20 2.628778e+18
0123.54 2.644360e+18
0126.88 2.659303e+18
0130.22 2.673628e+18
0133.56 2.687359e+18
0136.89 2.700515e+18
0140.23 2.713116e+18
0143.57 2.725185e+18
0146.91 2.736740e+18
0150.25 2.747801e+18
0153.59 2.758387e+18
0156.93 2.768515e+18
0160.27 2.778204e+18
0163.61 2.787470e+18
0166.94 2.796330e+18
0170.28 2.804799e+18
0173.62 2.812893e+18
0176.96 2.820625e+18
0180.30 2.828010e+18
0183.64 2.835061e+18
0186.98 2.841791e+18
0190.32 2.848212e+18
0193.66 2.854335e+18
0196.99 2.860173e+18
0200.33 2.865735e+18
0203.67 2.871032e+18
0207.01 2.876074e+18
0210.35 2.880870e+18
0213.69 2.885430e+18
0217.03 2.889762e+18
0220.37 2.893874e+18
0223.71 2.897774e+18
0227.05 2.901470e+18
0230.38 2.904970e+18
0233.72 2.908280e+18
0237.06 2.911407e+18
0240.40 2.914357e+18
0243.74 2.917065e+18
0247.08 2.919075e+18
0250.42 2.920922e+18
0253.76 2.922610e+18
0257.10 2.924147e+18
0260.43 2.925536e+18
0263.77 2.926782e+18
0267.11 2.927892e+18
0270.45 2.928869e+18
0273.79 2.929717e+18
0277.13 2.930442e+18
0280.47 2.931047e+18
0283.81 2.931536e+18
0287.15 2.931913e+18
0290.48 2.932182e+18
0293.82 2.932347e+18
0297.16 2.932410e+18
0300.50 2.932376e+18
0303.84 2.932247e+18
0307.18 2.932027e+18
0310.52 2.931718e+18
0313.86 2.931325e+18
0317.20 2.930848e+18
0320.53 2.930292e+18
0323.87 2.929658e+18
0327.21 2.928950e+18
0330.55 2.928169e+18
0333.89 2.927319e+18
0337.23 2.926401e+18
0340.57 2.925417e+18
0343.91 2.924371e+18
0347.25 2.923264e+18
0350.58 2.922097e+18
0353.92 2.920874e+18
0357.26 2.919595e+18
0360.60 2.918263e+18
0363.94 2.916880e+18
0367.28 2.915447e+18
0370.62 2.913966e+18
0373.96 2.912438e+18
0377.30 2.910866e+18
0380.63 2.909250e+18
0383.97 2.907593e+18
0387.31 2.905895e+18
0390.65 2.904158e+18
0393.99 2.902384e+18
0397.33 2.900573e+18
0400.67 2.898728e+18
0404.01 2.896849e+18
0407.35 2.894937e+18
0410.68 2.892995e+18
0414.02 2.891022e+18
0417.36 2.889020e+18
0420.70 2.886990e+18
0424.04 2.884933e+18
0427.38 2.882851e+18
0430.72 2.880743e+18
0434.06 2.878612e+18
0437.40 2.876458e+18
0440.73 2.874282e+18
0444.07 2.872085e+18
0447.41 2.869867e+18
0450.75 2.867631e+18
0454.09 2.865375e+18
0457.43 2.863103e+18
0460.77 2.860813e+18
0464.11 2.858507e+18
0467.45 2.856185e+18
0470.78 2.853849e+18
0474.12 2.851499e+18
0477.46 2.849136e+18
0480.80 2.846760e+18
0484.14 2.844372e+18
0487.48 2.841972e+18
0490.82 2.839562e+18
0494.16 2.837142e+18
0497.50 2.834712e+18
0500.83 2.832274e+18
0504.17 2.829827e+18
0507.51 2.827372e+18
0510.85 2.824910e+18
0514.19 2.822441e+18
0517.53 2.819966e+18
0520.87 2.817485e+18
0524.21 2.814999e+18
0527.55 2.812508e+18
0530.88 2.810013e+18
0534.22 2.807513e+18
0537.56 2.805011e+18
0540.90 2.802505e+18
0544.24 2.799997e+18
0547.58 2.797486e+18
0550.92 2.794974e+18
0554.26 2.792460e+18
0557.60 2.789945e+18
0560.93 2.787430e+18
0564.27 2.784914e+18
0567.61 2.782398e+18
0570.95 2.779883e+18
0574.29 2.777368e+18
0577.63 2.774855e+18
0580.97 2.772343e+18
0584.31 2.769832e+18
0587.65 2.767324e+18
0590.98 2.764818e+18
0594.32 2.762314e+18
0597.66 2.759814e+18
0601.00 2.757316e+18
0604.34 2.754822e+18
0607.68 2.752332e+18
0611.02 2.749846e+18
0614.36 2.747364e+18
0617.70 2.744886e+18
0621.04 2.742413e+18
0624.37 2.739897e+18
0627.71 2.737335e+18
0631.05 2.734778e+18
0634.39 2.732227e+18
0637.73 2.729681e+18
0641.07 2.727141e+18
0644.41 2.724608e+18
0647.75 2.722080e+18
0651.09 2.719559e+18
0654.42 2.717045e+18
0657.76 2.714537e+18
0661.10 2.712037e+18
0664.44 2.709544e+18
0667.78 2.707058e+18
0671.12 2.704580e+18
0674.46 2.702109e+18
0677.80 2.699646e+18
0681.14 2.697192e+18
0684.47 2.694745e+18
0687.81 2.692307e+18
0691.15 2.689878e+18
0694.49 2.687457e+18
0697.83 2.685045e+18
0701.17 2.682642e+18
0704.51 2.680248e+18
0707.85 2.677863e+18
0711.19 2.675488e+18
0714.52 2.673122e+18
0717.86 2.670765e+18
0721.20 2.668419e+18
0724.54 2.666082e+18
0727.88 2.663755e+18
0731.22 2.661438e+18
0734.56 2.659132e+18
0737.90 2.656836e+18
0741.24 2.654550e+18
0744.57 2.652275e+18
0747.91 2.650010e+18
0751.25 2.647756e+18
0754.59 2.645513e+18
0757.93 2.643281e+18
0761.27 2.641060e+18
0764.61 2.638850e+18
0767.95 2.636651e+18
0771.29 2.634463e+18
0774.62 2.632287e+18
0777.96 2.630122e+18
0781.30 2.627969e+18
0784.64 2.625827e+18
0787.98 2.623697e+18
0791.32 2.621579e+18
0794.66 2.619473e+18
0798.00 2.617378e+18
0801.34 2.615296e+18
0804.67 2.613226e+18
0808.01 2.611167e+18
0811.35 2.609121e+18
0814.69 2.607088e+18
0818.03 2.605066e+18
0821.37 2.603057e+18
0824.71 2.601061e+18
0828.05 2.599076e+18
0831.39 2.597105e+18
0834.72 2.595146e+18
0838.06 2.593200e+18
0841.40 2.591266e+18
0844.74 2.589346e+18
0848.08 2.587438e+18
0851.42 2.585543e+18
0854.76 2.583661e+18
0858.10 2.581792e+18
0861.44 2.579936e+18
0864.77 2.578093e+18
0868.11 2.576264e+18
0871.45 2.574447e+18
0874.79 2.572644e+18
0878.13 2.570854e+18
0881.47 2.569077e+18
0884.81 2.567314e+18
0888.15 2.565564e+18
0891.49 2.563828e+18
0894.82 2.562105e+18
0898.16 2.560395e+18
0901.50 2.558699e+18
0904.84 2.557017e+18
0908.18 2.555348e+18
0911.52 2.553693e+18
0914.86 2.552052e+18
0918.20 2.550425e+18
0921.54 2.548811e+18
0924.87 2.547040e+18
0928.21 2.545141e+18
0931.55 2.543256e+18
0934.89 2.541383e+18
0938.23 2.539524e+18
0941.57 2.537677e+18
0944.91 2.535844e+18
0948.25 2.534024e+18
0951.59 2.532217e+18
0954.92 2.530423e+18
0958.26 2.528643e+18
0961.60 2.526875e+18
0964.94 2.525121e+18
0968.28 2.523381e+18
0971.62 2.521653e+18
0974.96 2.519939e+18
0978.30 2.518238e+18
0981.64 2.516550e+18
0984.97 2.514876e+18
0988.31 2.513215e+18
0991.65 2.511567e+18
0994.99 2.509933e+18
0998.33 2.508313e+18
1001.67 2.506705e+18
1005.01 2.505111e+18
1008.35 2.503531e+18
1011.69 2.501964e+18
1015.03 2.500410e+18
1018.36 2.498870e+18
1021.70 2.497344e+18
1025.04 2.495831e+18
1028.38 2.494331e+18
1031.72 2.492845e+18
1035.06 2.491373e+18
1038.40 2.489914e+18
1041.74 2.488469e+18
1045.08 2.487037e+18
1048.41 2.485619e+18
1051.75 2.484214e+18
1055.09 2.482823e+18
1058.43 2.481446e+18
1061.77 2.480082e+18
1065.11 2.478732e+18
1068.45 2.477396e+18
1071.79 2.476073e+18
1075.13 2.474764e+18
1078.46 2.473468e+18
1081.80 2.472186e+18
1085.14 2.470918e+18
1088.48 2.469664e+18
1091.82 2.468423e+18
1095.16 2.467196e+18
1098.50 2.465983e+18
1101.84 2.464783e+18
1105.18 2.463598e+18
1108.51 2.462425e+18
1111.85 2.461267e+18
1115.19 2.460123e+18
1118.53 2.458992e+18
1121.87 2.457875e+18
1125.21 2.456772e+18
1128.55 2.455682e+18
1131.89 2.454607e+18
1135.23 2.453545e+18
1138.56 2.452497e+18
1141.90 2.451463e+18
1145.24 2.450442e+18
1148.58 2.449436e+18
1151.92 2.448443e+18
1155.26 2.447465e+18
1158.60 2.446500e+18
1161.94 2.445549e+18
1165.28 2.444611e+18
1168.61 2.443688e+18
1171.95 2.442779e+18
1175.29 2.441883e+18
1178.63 2.441002e+18
1181.97 2.440110e+18
1185.31 2.439232e+18
1188.65 2.438367e+18
1191.99 2.437517e+18
1195.33 2.436680e+18
1198.66 2.435858e+18
1202.00 2.435049e+18
1205.34 2.434254e+18
1208.68 2.433473e+18
1212.02 2.432706e+18
1215.36 2.431953e+18
1218.70 2.431214e+18
1222.04 2.430488e+18
1225.38 2.429777e+18
1228.71 2.429080e+18
1232.05 2.428396e+18
1235.39 2.427727e+18
1238.73 2.427072e+18
1242.07 2.426430e+18
1245.41 2.425803e+18
1248.75 2.425190e+18
1252.09 2.424590e+18
1255.43 2.424005e+18
1258.76 2.423434e+18
1262.10 2.422877e+18
1265.44 2.422334e+18
1268.78 2.421805e+18
1272.12 2.421290e+18
1275.46 2.420789e+18
1278.80 2.420303e+18
1282.14 2.419830e+18
1285.48 2.419372e+18
1288.81 2.418928e+18
1292.15 2.418498e+18
1295.49 2.418083e+18
1298.83 2.417681e+18
1302.17 2.417294e+18
1305.51 2.416921e+18
1308.85 2.416562e+18
1312.19 2.416217e+18
1315.53 2.415887e+18
1318.86 2.415571e+18
1322.20 2.415270e+18
1325.54 2.414982e+18
1328.88 2.414710e+18
1332.22 2.414451e+18
1335.56 2.414207e+18
1338.90 2.413977e+18
1342.24 2.413762e+18
1345.58 2.413561e+18
1348.91 2.413374e+18
1352.25 2.413202e+18
1355.59 2.413045e+18
1358.93 2.412902e+18
1362.27 2.412773e+18
1365.61 2.412659e+18
1368.95 2.412560e+18
1372.29 2.412475e+18
1375.63 2.412405e+18
1378.96 2.412349e+18
1382.30 2.412308e+18
1385.64 2.412282e+18
1388.98 2.412270e+18
1392.32 2.412273e+18
1395.66 2.412291e+18
1399.00 2.412324e+18
1402.34 2.412371e+18
1405.68 2.412433e+18
1409.02 2.412140e+18
1412.35 2.411555e+18
1415.69 2.410981e+18
1419.03 2.410421e+18
1422.37 2.409872e+18
1425.71 2.409336e+18
1429.05 2.408813e+18
1432.39 2.408301e+18
1435.73 2.407802e+18
1439.07 2.407315e+18
1442.40 2.406841e+18
1445.74 2.406379e+18
1449.08 2.405930e+18
1452.42 2.405493e+18
1455.76 2.405068e+18
1459.10 2.404655e+18
1462.44 2.404255e+18
1465.78 2.403868e+18
1469.12 2.403492e+18
1472.45 2.403130e+18
1475.79 2.402779e+18
1479.13 2.402441e+18
1482.47 2.402115e+18
1485.81 2.401802e+18
1489.15 2.401501e+18
1492.49 2.401213e+18
1495.83 2.400937e+18
1499.17 2.400674e+18
1502.50 2.400423e+18
1505.84 2.400184e+18
1509.18 2.399958e+18
1512.52 2.399745e+18
1515.86 2.399544e+18
1519.20 2.399355e+18
1522.54 2.399179e+18
1525.88 2.399016e+18
1529.22 2.398864e+18
1532.55 2.398726e+18
1535.89 2.398600e+18
1539.23 2.398487e+18
1542.57 2.398386e+18
1545.91 2.398298e+18
1549.25 2.398222e+18
1552.59 2.398159e+18
1555.93 2.398108e+18
1559.27 2.398071e+18
1562.60 2.398045e+18
1565.94 2.398033e+18
1569.28 2.398033e+18
1572.62 2.398046e+18
1575.96 2.398071e+18
1579.30 2.398109e+18
1582.64 2.398160e+18
1585.98 2.398224e+18
1589.32 2.398300e+18
1592.65 2.398389e+18
1595.99 2.398491e+18
1599.33 2.398605e+18
1602.67 2.398733e+18
1606.01 2.398873e+18
1609.35 2.399026e+18
1612.69 2.399192e+18
1616.03 2.399371e+18
1619.37 2.399313e+18
1622.70 2.399005e+18
1626.04 2.398708e+18
1629.38 2.398423e+18
1632.72 2.398148e+18
1636.06 2.397884e+18
1639.40 2.397632e+18
1642.74 2.397390e+18
1646.08 2.397160e+18
1649.42 2.396941e+18
1652.75 2.396733e+18
1656.09 2.396536e+18
1659.43 2.396350e+18
1662.77 2.396175e+18
1666.11 2.396011e+18
1669.45 2.395859e+18
1672.79 2.395717e+18
1676.13 2.395587e+18
1679.47 2.395468e+18
1682.80 2.395360e+18
1686.14 2.395263e+18
1689.48 2.395177e+18
1692.82 2.395102e+18
1696.16 2.395039e+18
1699.50 2.394987e+18
1702.84 2.394946e+18
1706.18 2.394916e+18
1709.52 2.394897e+18
1712.85 2.394890e+18
1716.19 2.394893e+18
1719.53 2.394908e+18
1722.87 2.394934e+18
1726.21 2.394972e+18
1729.55 2.395020e+18
1732.89 2.395080e+18
1736.23 2.395151e+18
1739.57 2.395234e+18
1742.90 2.395327e+18
1746.24 2.395432e+18
1749.58 2.395549e+18
1752.92 2.395676e+18
1756.26 2.395815e+18
1759.60 2.395966e+18
1762.94 2.396127e+18
1766.28 2.396300e+18
1769.62 2.396484e+18
1772.95 2.396680e+18
1776.29 2.396887e+18
1779.63 2.397106e+18
1782.97 2.397336e+18
1786.31 2.397577e+18
1789.65 2.397830e+18
1792.99 2.398094e+18
1796.33 2.398370e+18
1799.67 2.398657e+18
1803.01 2.398955e+18
1806.34 2.399266e+18
1809.68 2.399587e+18
1813.02 2.399921e+18
1816.36 2.400034e+18
1819.70 2.399577e+18
1823.04 2.399129e+18
1826.38 2.398690e+18
1829.72 2.398260e+18
1833.06 2.397839e+18
1836.39 2.397428e+18
1839.73 2.397025e+18
1843.07 2.396631e+18
1846.41 2.396245e+18
1849.75 2.395869e+18
1853.09 2.395502e+18
1856.43 2.395144e+18
1859.77 2.394795e+18
1863.11 2.394454e+18
1866.44 2.394123e+18
1869.78 2.393800e+18
1873.12 2.393486e+18
1876.46 2.393182e+18
1879.80 2.392886e+18
1883.14 2.392599e+18
1886.48 2.392321e+18
1889.82 2.392052e+18
1893.16 2.391792e+18
1896.49 2.391541e+18
1899.83 2.391298e+18
1903.17 2.391065e+18
1906.51 2.390840e+18
1909.85 2.390625e+18
1913.19 2.390418e+18
1916.53 2.390220e+18
1919.87 2.390031e+18
1923.21 2.389851e+18
1926.54 2.389680e+18
1929.88 2.389518e+18
1933.22 2.389364e+18
1936.56 2.389220e+18
1939.90 2.389084e+18
1943.24 2.388958e+18
1946.58 2.388840e+18
1949.92 2.388731e+18
1953.26 2.388631e+18
1956.59 2.388540e+18
1959.93 2.388458e+18
1963.27 2.388385e+18
1966.61 2.388320e+18
1969.95 2.388265e+18
1973.29 2.388218e+18
1976.63 2.388181e+18
1979.97 2.388152e+18
1983.31 2.388132e+18
1986.64 2.388121e+18
1989.98 2.388119e+18
1993.32 2.388126e+18
1996.66 2.388142e+18
2000.00 2.388167e+18
